 1.0000000000  0.0855893249  0.5226130756  0.4177995859  0.2421286923 -0.0022378486  0.3323164674 -0.4685751991 -0.0962377522 -0.2496510268  0.0984730967 -0.0070915922  0.1792183883  0.1548636632  0.1188246890 -0.1186482806  0.0363487569  0.1662762319 -0.1038254204 -0.4179836503 -0.1728855271 -0.3761035119  0.1193834225  0.0228634091 -0.1379038739 -0.1837581542  0.1823266885  0.1339311360  0.2694518749 -0.0668667713 -0.2008297825  0.1926553298 -0.3376114140 -0.3828403779 -0.1587573318 -0.4502899108 -0.0975703371 -0.1466853893  0.2584717519  0.4239962646  0.3107941139  0.0778159733
 0.0855893249  1.0000000000 -0.1043027955  0.0167905302  0.0502185328  0.3985675348  0.0177087790 -0.2541291326  0.2178189717 -0.0490777200  0.5074863913  0.2583886523  0.4168765287 -0.2920874351 -0.2107101860 -0.3430389062  0.1771358091 -0.0413333295  0.2316769241 -0.4448650426 -0.0468008234 -0.1001243666 -0.3393539916  0.1736906206  0.3049458559  0.1448024479 -0.0798373252 -0.3404369893 -0.2658290970 -0.4463231320  0.0226336554 -0.4733696756 -0.1158458989 -0.0629805063 -0.1069953424 -0.1906000485 -0.2450578325 -0.1425160467 -0.3989208531 -0.3982430559 -0.4394553347 -0.4732788498
 0.5226130756 -0.1043027955  1.0000000000  0.5221472885  0.3183209820  0.1429335239  0.4937714201 -0.1859532162 -0.1119086586  0.0281002609  0.1146852454  0.1999456970 -0.2332064861  0.5918530773  0.4622173620  0.3265775919 -0.1926316589  0.0558822979 -0.4481082764 -0.1958296515 -0.3250342987 -0.6713184311  0.2944264429  0.2810729571 -0.0393490020  0.0168361077  0.3993823279  0.4901372704  0.4048514192  0.1475662081 -0.3089282920  0.1232706461 -0.6037382416 -0.2874125743  0.1516167004 -0.4483597983  0.1605479863 -0.0401922090  0.2448240659  0.4209560045  0.4036521939  0.3361087740
 0.4177995859  0.0167905302  0.5221472885  1.0000000000  0.0903670465  0.2656918836  0.4061758838 -0.2250633501  0.0450087151 -0.0935190856  0.1844408442  0.1357369478  0.0887115198  0.4649069756  0.3674749887  0.1685963878 -0.2281194238  0.0029888019 -0.2765182114 -0.1087630182 -0.1181484748 -0.4386291972  0.1094827271  0.1597353111 -0.0537122719  0.0707717879  0.3085425997  0.2466033755  0.3220324001  0.0160886614 -0.3902760626  0.1625500812 -0.3459816065 -0.4134502539  0.0780991953 -0.3856841965  0.1314053269 -0.0273163923 -0.0705534029  0.2383255518  0.1776718331  0.2460607136
 0.2421286923  0.0502185328  0.3183209820  0.0903670465  1.0000000000  0.2358370653  0.6448054534 -0.2077973999  0.2141586907  0.0743206789 -0.0340296770  0.0578997421 -0.0310962798  0.4706850765  0.4717146327  0.3161889516 -0.0814574143 -0.2699812951 -0.2662769941 -0.1186350569 -0.2528131433 -0.3173450826  0.0155599920  0.2584572096  0.2799779399  0.1488595531  0.1553797399  0.2996048467  0.1042687192  0.0798674952  0.1536244100 -0.0959286374 -0.3268297452  0.0923565562  0.2936321658  0.0316873809  0.2845806192  0.1946323098 -0.1382860720  0.0669269731  0.1433807909  0.2153639233
-0.0022378486  0.3985675348  0.1429335239  0.2656918836  0.2358370653  1.0000000000  0.5578827458 -0.2632192385  0.1189459163  0.1365735776  0.5543963947  0.0311325742  0.1876790616  0.3172305232  0.0877814389 -0.0632159295 -0.1673410143 -0.2651589486 -0.1830706506 -0.2119961622 -0.0645853658 -0.1879512676 -0.1303044213  0.3642856594  0.3115619072  0.3861628795  0.1521335350 -0.1378812487 -0.2527398843 -0.2937546565 -0.0933683919 -0.2104839019 -0.3096842885  0.1048996990  0.3657208601 -0.0130475284  0.1382044205  0.1275131295 -0.6064556268 -0.3150081438 -0.3549404886 -0.1206301223
 0.3323164674  0.0177087790  0.4937714201  0.4061758838  0.6448054534  0.5578827458  1.0000000000 -0.2969542682  0.0187155655 -0.0108034109  0.2374875801  0.0004926283  0.0455307493  0.6998783157  0.4604687940  0.2789645031 -0.2208868842 -0.3709826061 -0.3669176139 -0.1873098819 -0.1228737371 -0.4015840613  0.1727364109  0.4517397217  0.2761880677  0.3809256055  0.3807281687  0.2169788741 -0.0074627726 -0.0306189311 -0.0274902909  0.0725865595 -0.4223594142  0.1631666684  0.5052888672 -0.1377227358  0.3293140026  0.2046748117 -0.2908870872 -0.0627473039 -0.0251178066  0.2071847949
-0.4685751991 -0.2541291326 -0.1859532162 -0.2250633501 -0.2077973999 -0.2632192385 -0.2969542682  1.0000000000  0.2324116355  0.4155669772 -0.1018275787 -0.0415882291 -0.2768635016 -0.0785418455  0.1454626520  0.1202416556 -0.1769843774 -0.0380268160 -0.0961943472  0.5529522681 -0.0434437694  0.1688579013  0.0440620456  0.1116454898  0.0586244878  0.0050073189 -0.0045087738  0.2961338318  0.1641146659  0.2161244468  0.0015921959 -0.0702537883  0.0812800854  0.1174783435  0.0972564700  0.3957178631  0.0745077772 -0.0266569452  0.2541859410  0.1033167303  0.0497200766  0.1299292984
-0.0962377522  0.2178189717 -0.1119086586  0.0450087151  0.2141586907  0.1189459163  0.0187155655  0.2324116355  1.0000000000  0.6159491588  0.1328778398  0.1388287408 -0.0294461534 -0.0960926931  0.0118618428 -0.1210233851 -0.3110858337 -0.3711727406 -0.2271099917  0.2075224549 -0.1309322693  0.0387349053 -0.0471624633  0.0168150578  0.4351421193 -0.1006097410 -0.1983829308  0.2246433753 -0.0061139893 -0.0716589090 -0.1123137608 -0.4010458101  0.0015166331 -0.2870466630 -0.0004490635  0.2475401848  0.3048997998  0.0161182217 -0.0840079491  0.1585465100  0.0677971072  0.1056540561
-0.2496510268 -0.0490777200  0.0281002609 -0.0935190856  0.0743206789  0.1365735776 -0.0108034109  0.4155669772  0.6159491588  1.0000000000 -0.0001645849  0.2822506268 -0.2511008684  0.1107323243  0.0951652857  0.1550242410 -0.4204420087 -0.5181759324 -0.5923420727  0.4987446641  0.1116152742 -0.0477399869  0.1459106132  0.1696768541  0.4811547859 -0.0173635757 -0.1054682201  0.4803771228  0.1998252362  0.2670668666 -0.0085640856 -0.2792053271 -0.0216435876 -0.0383920090  0.3190815839  0.3743872085  0.6226544144  0.1734756241 -0.1030042127  0.3283928423  0.2965360206  0.4856645560
 0.0984730967  0.5074863913  0.1146852454  0.1844408442 -0.0340296770  0.5543963947  0.2374875801 -0.1018275787  0.1328778398 -0.0001645849  1.0000000000  0.0474755471  0.1561852963 -0.0398273903 -0.0712108763 -0.4100109285 -0.0243090620  0.0377475318  0.0538347396 -0.4771830186 -0.3653151541 -0.1299345410 -0.1453799336  0.2912959457  0.1752333343  0.2657351716 -0.0241466740 -0.2443711515 -0.2801719384 -0.5647981709 -0.2271520810 -0.3933968161 -0.3462317317 -0.1520237241 -0.0238495871 -0.1535906348 -0.2931206627 -0.1321848633 -0.3395695805 -0.2931517304 -0.3632941876 -0.4237541258
-0.0070915922  0.2583886523  0.1999456970  0.1357369478  0.0578997421  0.0311325742  0.0004926283 -0.0415882291  0.1388287408  0.2822506268  0.0474755471  1.0000000000 -0.1569228802 -0.0952761743  0.0539019741  0.0935771073 -0.1393180106 -0.3323186136 -0.2077110592  0.1634513936  0.0538956355 -0.1049799904 -0.1694254130 -0.0647829998  0.0181567922 -0.2357746162 -0.1406014381  0.1832156328  0.1917240088 -0.0492287956 -0.0329603666 -0.2542415247  0.1501311090 -0.2185492895 -0.1643267268 -0.0183470214  0.1961891184 -0.2175270657  0.0223412775  0.2402249851  0.1696732873  0.2090636963
 0.1792183883  0.4168765287 -0.2332064861  0.0887115198 -0.0310962798  0.1876790616  0.0455307493 -0.2768635016 -0.0294461534 -0.2511008684  0.1561852963 -0.1569228802  1.0000000000 -0.2348231781 -0.2491109226 -0.2044856341  0.3268706962  0.0640084101  0.3319464314 -0.1817279946  0.2898390800  0.1440952926 -0.0964089678  0.2031989644  0.1708201300  0.2679391496  0.2499348482 -0.4480853649 -0.2859074735 -0.3392798262  0.2208306947  0.0686257602  0.1100348504  0.0610728545 -0.0455693731 -0.1129103881 -0.2671496578 -0.2066543987 -0.1585224575 -0.2941581764 -0.3922121439 -0.3978918366
 0.1548636632 -0.2920874351  0.5918530773  0.4649069756  0.4706850765  0.3172305232  0.6998783157 -0.0785418455 -0.0960926931  0.1107323243 -0.0398273903 -0.0952761743 -0.2348231781  1.0000000000  0.7423972034  0.6185821239 -0.3528971302 -0.1837236495 -0.6096150544  0.0748815511 -0.1752863466 -0.5887107483  0.2935263227  0.4025866143  0.1949749805  0.3396003489  0.4841637395  0.5480651546  0.3805964670  0.3122791549 -0.1603141396  0.2642110887 -0.5388773079  0.0495273531  0.5472631569 -0.1363533170  0.5099300312  0.2983230889 -0.0995551739  0.1639466253  0.2600000176  0.5601028406
 0.1188246890 -0.2107101860  0.4622173620  0.3674749887  0.4717146327  0.0877814389  0.4604687940  0.1454626520  0.0118618428  0.0951652857 -0.0712108763  0.0539019741 -0.2491109226  0.7423972034  1.0000000000  0.7266659387 -0.2474602925 -0.1767499220 -0.5188507740  0.1497500851 -0.3668611255 -0.4879049910  0.1562775048  0.3140147875  0.1208796778  0.2192486918  0.4100561639  0.6351624366  0.6553252825  0.4345585744 -0.1508659855  0.2302496115 -0.4899277766 -0.1524236368  0.2026030696  0.0071379719  0.2369399343  0.0118135747  0.1002856190  0.2700517551  0.1372555813  0.3565126506
-0.1186482806 -0.3430389062  0.3265775919  0.1685963878  0.3161889516 -0.0632159295  0.2789645031  0.1202416556 -0.1210233851  0.1550242410 -0.4100109285  0.0935771073 -0.2044856341  0.6185821239  0.7266659387  1.0000000000 -0.0533362108 -0.1888755392 -0.4636275962  0.3985940162  0.0033796484 -0.2659972278  0.2313648071  0.1401332868  0.1512368672  0.0810538646  0.3726746281  0.6430644470  0.4966313232  0.6459624291  0.0289258896  0.2385790262 -0.1983534620  0.0650669162  0.3582790216  0.1834792231  0.4125248144  0.2300139123  0.1179359702  0.2553233825  0.2441691269  0.5092179491
 0.0363487569  0.1771358091 -0.1926316589 -0.2281194238 -0.0814574143 -0.1673410143 -0.2208868842 -0.1769843774 -0.3110858337 -0.4204420087 -0.0243090620 -0.1393180106  0.3268706962 -0.3528971302 -0.2474602925 -0.0533362108  1.0000000000  0.5055462023  0.6595185709 -0.0934082458  0.2196846058  0.4454484674 -0.3585459370 -0.2196266475 -0.4654198196 -0.2218850158  0.0165910746 -0.2580761448 -0.4187278410 -0.3116250197 -0.2278840351 -0.2248303134  0.3209350894  0.0760465932 -0.3197161835  0.1864632217 -0.4616310302 -0.1758167715  0.0987332244 -0.2428741470 -0.2789111864 -0.4566669321
 0.1662762319 -0.0413333295  0.0558822979  0.0029888019 -0.2699812951 -0.2651589486 -0.3709826061 -0.0380268160 -0.3711727406 -0.5181759324  0.0377475318 -0.3323186136  0.0640084101 -0.1837236495 -0.1767499220 -0.1888755392  0.5055462023  1.0000000000  0.5586127725 -0.3641883282 -0.2518311405 -0.0363665445 -0.1203543223 -0.1572091870 -0.5329666800 -0.2012511903  0.0336144993 -0.1405186087 -0.0597932088 -0.2062384265 -0.2327815112  0.0037282588 -0.1376475860 -0.0930109376 -0.2754869231 -0.2818828319 -0.5470935889 -0.1130025389  0.3314393173  0.0053995351  0.0765307171 -0.2502676440
-0.1038254204  0.2316769241 -0.4481082764 -0.2765182114 -0.2662769941 -0.1830706506 -0.3669176139 -0.0961943472 -0.2271099917 -0.5923420727  0.0538347396 -0.2077110592  0.3319464314 -0.6096150544 -0.5188507740 -0.4636275962  0.6595185709  0.5586127725  1.0000000000 -0.2416801895  0.1605305973  0.5362471043 -0.3810444012 -0.2579326273 -0.4626510200 -0.1761935541 -0.1505597171 -0.6180524732 -0.5825037162 -0.4374186837  0.0050994109 -0.2107043157  0.4370866607  0.2256125984 -0.3389570124  0.0341148633 -0.6078919783 -0.2266514590 -0.0273278900 -0.4947120683 -0.4284745264 -0.6621825057
-0.4179836503 -0.4448650426 -0.1958296515 -0.1087630182 -0.1186350569 -0.2119961622 -0.1873098819  0.5529522681  0.2075224549  0.4987446641 -0.4771830186  0.1634513936 -0.1817279946  0.0748815511  0.1497500851  0.3985940162 -0.0934082458 -0.3641883282 -0.2416801895  1.0000000000  0.4925328802  0.3967594156 -0.0112903487 -0.1079330892 -0.0348389678 -0.1270179202  0.0703442546  0.4214992203  0.1708996389  0.3923610404 -0.0389612190  0.1066985174  0.5138329193  0.1562608340  0.1439496552  0.6846537202  0.5358804515 -0.0221943128  0.1852766781  0.3248230503  0.2816870475  0.4524871104
-0.1728855271 -0.0468008234 -0.3250342987 -0.1181484748 -0.2528131433 -0.0645853658 -0.1228737371 -0.0434437694 -0.1309322693  0.1116152742 -0.3653151541  0.0538956355  0.2898390800 -0.1752863466 -0.3668611255  0.0033796484  0.2196846058 -0.2518311405  0.1605305973  0.4925328802  1.0000000000  0.5035237279 -0.0660778160 -0.0401747794 -0.0198551382  0.0456498507  0.1375596531 -0.1949327950 -0.2823408808  0.1035382543  0.0764680088  0.1483658983  0.6287483794  0.4016020299  0.2383591716  0.2654128189  0.2827427508  0.0409723682 -0.1909817624 -0.1908734500 -0.1187041005  0.0731996453
-0.3761035119 -0.1001243666 -0.6713184311 -0.4386291972 -0.3173450826 -0.1879512676 -0.4015840613  0.1688579013  0.0387349053 -0.0477399869 -0.1299345410 -0.1049799904  0.1440952926 -0.5887107483 -0.4879049910 -0.2659972278  0.4454484674 -0.0363665445  0.5362471043  0.3967594156  0.5035237279  1.0000000000 -0.3107472105 -0.4998888178 -0.3057770638 -0.3665297105 -0.3984149672 -0.3496425794 -0.5106867074 -0.1681259004 -0.0562933292 -0.2063752014  0.8584828117  0.2336152605 -0.1975058701  0.6194575731 -0.1750704643  0.0067530126 -0.0449796660 -0.2467134335 -0.3310722336 -0.3169699669
 0.1193834225 -0.3393539916  0.2944264429  0.1094827271  0.0155599920 -0.1303044213  0.1727364109  0.0440620456 -0.0471624633  0.1459106132 -0.1453799336 -0.1694254130 -0.0964089678  0.2935263227  0.1562775048  0.2313648071 -0.3585459370 -0.1203543223 -0.3810444012 -0.0112903487 -0.0660778160 -0.3107472105  1.0000000000  0.1594297775  0.2239071560  0.0908942597  0.2374818498  0.3141196002  0.2495747449  0.3442399189  0.0013987106  0.3564230897 -0.2845840074 -0.0459032878  0.2600333908 -0.1766130792  0.1884712338  0.1846972658  0.1611866670  0.2378938804  0.2414572729  0.2942730882
 0.0228634091  0.1736906206  0.2810729571  0.1597353111  0.2584572096  0.3642856594  0.4517397217  0.1116454898  0.0168150578  0.1696768541  0.2912959457 -0.0647829998  0.2031989644  0.4025866143  0.3140147875  0.1401332868 -0.2196266475 -0.1572091870 -0.2579326273 -0.1079330892 -0.0401747794 -0.4998888178  0.1594297775  1.0000000000  0.4832475386  0.8356285910  0.7022138559  0.1245117398  0.0843564963  0.0510844372  0.0934698151  0.2095349800 -0.5783079830  0.2956534993  0.4719744416 -0.1718517488  0.1513747818 -0.2054898235 -0.1996509535 -0.1876092425 -0.1310277012 -0.0171994413
-0.1379038739  0.3049458559 -0.0393490020 -0.0537122719  0.2799779399  0.3115619072  0.2761880677  0.0586244878  0.4351421193  0.4811547859  0.1752333343  0.0181567922  0.1708201300  0.1949749805  0.1208796778  0.1512368672 -0.4654198196 -0.5329666800 -0.4626510200 -0.0348389678 -0.0198551382 -0.3057770638  0.2239071560  0.4832475386  1.0000000000  0.4785961189  0.0768182549  0.1502147703  0.0628721004  0.2453842038  0.4253591092 -0.1251207628 -0.3234433876  0.1610644828  0.5377879751 -0.0199291544  0.4417456443  0.3216966873 -0.4561878536 -0.1920141474 -0.1032658071  0.1659759796
-0.1837581542  0.1448024479  0.0168361077  0.0707717879  0.1488595531  0.3861628795  0.3809256055  0.0050073189 -0.1006097410 -0.0173635757  0.2657351716 -0.2357746162  0.2679391496  0.3396003489  0.2192486918  0.0810538646 -0.2218850158 -0.2012511903 -0.1761935541 -0.1270179202  0.0456498507 -0.3665297105  0.0908942597  0.8356285910  0.4785961189  1.0000000000  0.6161634827 -0.1544771316 -0.0704366376 -0.0310850960  0.2529586817  0.3359735787 -0.4246760663  0.3945462295  0.4097728113 -0.1319855490  0.0771282451 -0.1587804468 -0.3356767589 -0.4282272303 -0.3146844644 -0.1660366091
 0.1823266885 -0.0798373252  0.3993823279  0.3085425997  0.1553797399  0.1521335350  0.3807281687 -0.0045087738 -0.1983829308 -0.1054682201 -0.0241466740 -0.1406014381  0.2499348482  0.4841637395  0.4100561639  0.3726746281  0.0165910746  0.0336144993 -0.1505597171  0.0703442546  0.1375596531 -0.3984149672  0.2374818498  0.7022138559  0.0768182549  0.6161634827  1.0000000000  0.1960832081  0.1740794949  0.1236635449 -0.1143276197  0.5377169338 -0.3899226627  0.1428871545  0.2766683927 -0.1391679776  0.0791074895 -0.3739754214  0.1522231007  0.0029465404  0.0045105114  0.0291673043
 0.1339311360 -0.3404369893  0.4901372704  0.2466033755  0.2996048467 -0.1378812487  0.2169788741  0.2961338318  0.2246433753  0.4803771228 -0.2443711515  0.1832156328 -0.4480853649  0.5480651546  0.6351624366  0.6430644470 -0.2580761448 -0.1405186087 -0.6180524732  0.4214992203 -0.1949327950 -0.3496425794  0.3141196002  0.1245117398  0.1502147703 -0.1544771316  0.1960832081  1.0000000000  0.6740570838  0.6305945421 -0.2233811485  0.0991461261 -0.2845307625 -0.1921143294  0.2391347288  0.2457686152  0.5192708000  0.1392096828  0.2313937831  0.6622922693  0.6247552242  0.7116197099
 0.2694518749 -0.2658290970  0.4048514192  0.3220324001  0.1042687192 -0.2527398843 -0.0074627726  0.1641146659 -0.0061139893  0.1998252362 -0.2801719384  0.1917240088 -0.2859074735  0.3805964670  0.6553252825  0.4966313232 -0.4187278410 -0.0597932088 -0.5825037162  0.1708996389 -0.2823408808 -0.5106867074  0.2495747449  0.0843564963  0.0628721004 -0.0704366376  0.1740794949  0.6740570838  1.0000000000  0.6405057869  0.0057236370  0.3952615112 -0.3935477807 -0.4027282412 -0.0428424176 -0.1742535379  0.1767259595 -0.0594878503  0.2901458357  0.6342128232  0.4719677343  0.5204959649
-0.0668667713 -0.4463231320  0.1475662081  0.0160886614  0.0798674952 -0.2937546565 -0.0306189311  0.2161244468 -0.0716589090  0.2670668666 -0.5647981709 -0.0492287956 -0.3392798262  0.3122791549  0.4345585744  0.6459624291 -0.3116250197 -0.2062384265 -0.4374186837  0.3923610404  0.1035382543 -0.1681259004  0.3442399189  0.0510844372  0.2453842038 -0.0310850960  0.1236635449  0.6305945421  0.6405057869  1.0000000000  0.2599282435  0.4000534642 -0.0724333778  0.1401815204  0.3609334837  0.1373940173  0.4213592469  0.3153676271  0.0789658530  0.3671924582  0.3931161676  0.5487388780
-0.2008297825  0.0226336554 -0.3089282920 -0.3902760626  0.1536244100 -0.0933683919 -0.0274902909  0.0015921959 -0.1123137608 -0.0085640856 -0.2271520810 -0.0329603666  0.2208306947 -0.1603141396 -0.1508659855  0.0289258896 -0.2278840351 -0.2327815112  0.0050994109 -0.0389612190  0.0764680088 -0.0562933292  0.0013987106  0.0934698151  0.4253591092  0.2529586817 -0.1143276197 -0.2233811485  0.0057236370  0.2599282435  1.0000000000  0.1402328462  0.0912715095  0.4722489406  0.2328902922 -0.0371813473  0.0973754378  0.1833698401 -0.1561483587 -0.1871212527 -0.0009115349  0.0374790951
 0.1926553298 -0.4733696756  0.1232706461  0.1625500812 -0.0959286374 -0.2104839019  0.0725865595 -0.0702537883 -0.4010458101 -0.2792053271 -0.3933968161 -0.2542415247  0.0686257602  0.2642110887  0.2302496115  0.2385790262 -0.2248303134  0.0037282588 -0.2107043157  0.1066985174  0.1483658983 -0.2063752014  0.3564230897  0.2095349800 -0.1251207628  0.3359735787  0.5377169338  0.0991461261  0.3952615112  0.4000534642  0.1402328462  1.0000000000 -0.1235822204  0.0576995923  0.0103659501 -0.1567810938 -0.0133949151 -0.2379732289  0.3006304965  0.2168782885  0.1656909107  0.1462363794
-0.3376114140 -0.1158458989 -0.6037382416 -0.3459816065 -0.3268297452 -0.3096842885 -0.4223594142  0.0812800854  0.0015166331 -0.0216435876 -0.3462317317  0.1501311090  0.1100348504 -0.5388773079 -0.4899277766 -0.1983534620  0.3209350894 -0.1376475860  0.4370866607  0.5138329193  0.6287483794  0.8584828117 -0.2845840074 -0.5783079830 -0.3234433876 -0.4246760663 -0.3899226627 -0.2845307625 -0.3935477807 -0.0724333778  0.0912715095 -0.1235822204  1.0000000000  0.2273930863 -0.2379515137  0.5419367846  0.0133308693 -0.0420897634  0.0146208332 -0.0945777750 -0.1071593102 -0.1135395730
-0.3828403779 -0.0629805063 -0.2874125743 -0.4134502539  0.0923565562  0.1048996990  0.1631666684  0.1174783435 -0.2870466630 -0.0383920090 -0.1520237241 -0.2185492895  0.0610728545  0.0495273531 -0.1524236368  0.0650669162  0.0760465932 -0.0930109376  0.2256125984  0.1562608340  0.4016020299  0.2336152605 -0.0459032878  0.2956534993  0.1610644828  0.3945462295  0.1428871545 -0.1921143294 -0.4027282412  0.1401815204  0.4722489406  0.0576995923  0.2273930863  1.0000000000  0.6332445360  0.2642683687  0.2400431359  0.3182065983 -0.2487979341 -0.4318430373 -0.1570025094  0.0332016600
-0.1587573318 -0.1069953424  0.1516167004  0.0780991953  0.2936321658  0.3657208601  0.5052888672  0.0972564700 -0.0004490635  0.3190815839 -0.0238495871 -0.1643267268 -0.0455693731  0.5472631569  0.2026030696  0.3582790216 -0.3197161835 -0.2754869231 -0.3389570124  0.1439496552  0.2383591716 -0.1975058701  0.2600333908  0.4719744416  0.5377879751  0.4097728113  0.2766683927  0.2391347288 -0.0428424176  0.3609334837  0.2328902922  0.0103659501 -0.2379515137  0.6332445360  1.0000000000  0.0384139814  0.6364716829  0.6588611272 -0.3973162103 -0.1753318514  0.0520413771  0.4589481685
-0.4502899108 -0.1906000485 -0.4483597983 -0.3856841965  0.0316873809 -0.0130475284 -0.1377227358  0.3957178631  0.2475401848  0.3743872085 -0.1535906348 -0.0183470214 -0.1129103881 -0.1363533170  0.0071379719  0.1834792231  0.1864632217 -0.2818828319  0.0341148633  0.6846537202  0.2654128189  0.6194575731 -0.1766130792 -0.1718517488 -0.0199291544 -0.1319855490 -0.1391679776  0.2457686152 -0.1742535379  0.1373940173 -0.0371813473 -0.1567810938  0.5419367846  0.2642683687  0.0384139814  1.0000000000  0.2574159818  0.0192711874 -0.0492776534  0.0775942612  0.0180890961  0.0849441957
-0.0975703371 -0.2450578325  0.1605479863  0.1314053269  0.2845806192  0.1382044205  0.3293140026  0.0745077772  0.3048997998  0.6226544144 -0.2931206627  0.1961891184 -0.2671496578  0.5099300312  0.2369399343  0.4125248144 -0.4616310302 -0.5470935889 -0.6078919783  0.5358804515  0.2827427508 -0.1750704643  0.1884712338  0.1513747818  0.4417456443  0.0771282451  0.0791074895  0.5192708000  0.1767259595  0.4213592469  0.0973754378 -0.0133949151  0.0133308693  0.2400431359  0.6364716829  0.2574159818  1.0000000000  0.4331182910 -0.1858853642  0.2918812406  0.4771586761  0.7985564963
-0.1466853893 -0.1425160467 -0.0401922090 -0.0273163923  0.1946323098  0.1275131295  0.2046748117 -0.0266569452  0.0161182217  0.1734756241 -0.1321848633 -0.2175270657 -0.2066543987  0.2983230889  0.0118135747  0.2300139123 -0.1758167715 -0.1130025389 -0.2266514590 -0.0221943128  0.0409723682  0.0067530126  0.1846972658 -0.2054898235  0.3216966873 -0.1587804468 -0.3739754214  0.1392096828 -0.0594878503  0.3153676271  0.1833698401 -0.2379732289 -0.0420897634  0.3182065983  0.6588611272  0.0192711874  0.4331182910  1.0000000000 -0.3955508145 -0.1263475784  0.0786442141  0.4268948735
 0.2584717519 -0.3989208531  0.2448240659 -0.0705534029 -0.1382860720 -0.6064556268 -0.2908870872  0.2541859410 -0.0840079491 -0.1030042127 -0.3395695805  0.0223412775 -0.1585224575 -0.0995551739  0.1002856190  0.1179359702  0.0987332244  0.3314393173 -0.0273278900  0.1852766781 -0.1909817624 -0.0449796660  0.1611866670 -0.1996509535 -0.4561878536 -0.3356767589  0.1522231007  0.2313937831  0.2901458357  0.0789658530 -0.1561483587  0.3006304965  0.0146208332 -0.2487979341 -0.3973162103 -0.0492776534 -0.1858853642 -0.3955508145  1.0000000000  0.6159171577  0.4657867329  0.1370836806
 0.4239962646 -0.3982430559  0.4209560045  0.2383255518  0.0669269731 -0.3150081438 -0.0627473039  0.1033167303  0.1585465100  0.3283928423 -0.2931517304  0.2402249851 -0.2941581764  0.1639466253  0.2700517551  0.2553233825 -0.2428741470  0.0053995351 -0.4947120683  0.3248230503 -0.1908734500 -0.2467134335  0.2378938804 -0.1876092425 -0.1920141474 -0.4282272303  0.0029465404  0.6622922693  0.6342128232  0.3671924582 -0.1871212527  0.2168782885 -0.0945777750 -0.4318430373 -0.1753318514  0.0775942612  0.2918812406 -0.1263475784  0.6159171577  1.0000000000  0.8158910146  0.6009655573
 0.3107941139 -0.4394553347  0.4036521939  0.1776718331  0.1433807909 -0.3549404886 -0.0251178066  0.0497200766  0.0677971072  0.2965360206 -0.3632941876  0.1696732873 -0.3922121439  0.2600000176  0.1372555813  0.2441691269 -0.2789111864  0.0765307171 -0.4284745264  0.2816870475 -0.1187041005 -0.3310722336  0.2414572729 -0.1310277012 -0.1032658071 -0.3146844644  0.0045105114  0.6247552242  0.4719677343  0.3931161676 -0.0009115349  0.1656909107 -0.1071593102 -0.1570025094  0.0520413771  0.0180890961  0.4771586761  0.0786442141  0.4657867329  0.8158910146  1.0000000000  0.7536018279
 0.0778159733 -0.4732788498  0.3361087740  0.2460607136  0.2153639233 -0.1206301223  0.2071847949  0.1299292984  0.1056540561  0.4856645560 -0.4237541258  0.2090636963 -0.3978918366  0.5601028406  0.3565126506  0.5092179491 -0.4566669321 -0.2502676440 -0.6621825057  0.4524871104  0.0731996453 -0.3169699669  0.2942730882 -0.0171994413  0.1659759796 -0.1660366091  0.0291673043  0.7116197099  0.5204959649  0.5487388780  0.0374790951  0.1462363794 -0.1135395730  0.0332016600  0.4589481685  0.0849441957  0.7985564963  0.4268948735  0.1370836806  0.6009655573  0.7536018279  1.0000000000
