 1.000000000  0.846292500  0.885254517  0.730956126  0.858802804  0.799140085  0.840991404 -0.001945030  0.347045250  0.499788534  0.796293916  0.657726455  0.738449328  0.686398305  0.694576672  0.533344379 -0.539138713 -0.429814901 -0.064828862  0.051348219  0.369120780  0.045417719  0.588099842  0.474310517  0.571506394  0.322911890  0.548105526  0.379207605  0.522203691  0.257866211  0.285627014  0.098854698  0.040483105 -0.071167062 -0.499232601  0.182969605  0.503019071 -0.006266103  0.168018233  0.257938490  0.332115517  0.539822181
 0.846292500  1.000000000  0.909492472  0.880918086  0.762773985  0.955366222  0.917673575  0.148078598  0.695221750  0.652302898  0.961522767  0.835135672  0.889524779  0.901112345  0.864276808  0.838343326 -0.673452262 -0.526774362  0.045257752  0.211694994  0.502281867  0.123058280  0.822352780  0.660645007  0.842444522  0.613464105  0.754774501  0.665851794  0.701960276  0.485929386  0.397985047  0.250005162  0.050707151  0.063373352 -0.729279058  0.270805004  0.756327552  0.350796812  0.464766972  0.425084162  0.362365678  0.644135494
 0.885254517  0.909492472  1.000000000  0.884475954  0.800683025  0.828652642  0.888818384  0.242993599  0.613903664  0.572695611  0.885312902  0.819390854  0.879214315  0.818166735  0.867583932  0.726667653 -0.737752446 -0.563791228 -0.133805202  0.290481336  0.490953057  0.294339480  0.764195395  0.588521973  0.760315021  0.537346985  0.689450256  0.533460701  0.731761028  0.551889748  0.535998669  0.332568872  0.264333388  0.171067279 -0.672035257  0.420169618  0.702435220  0.267205762  0.310231281  0.394095330  0.515861181  0.731154034
 0.730956126  0.880918086  0.884475954  1.000000000  0.703454755  0.832948884  0.865125041  0.285823434  0.650531871  0.641692008  0.918216554  0.747724341  0.843715280  0.877627876  0.874689371  0.780242810 -0.735705727 -0.551420820 -0.102547925  0.343090397  0.400082098  0.302853941  0.758069739  0.584510994  0.792702284  0.469401909  0.727340613  0.549669100  0.788723045  0.564122773  0.524652374  0.228598773  0.321193816  0.234500718 -0.673330646  0.348244163  0.678649334  0.370953993  0.228680787  0.356165806  0.400076549  0.681619359
 0.858802804  0.762773985  0.800683025  0.703454755  1.000000000  0.806614942  0.882563550  0.038236447  0.359924876  0.457478797  0.782303923  0.580783327  0.727202283  0.761280794  0.752339775  0.603770545 -0.538740475 -0.420699776 -0.022545563 -0.018160169  0.131384858  0.020033371  0.579952535  0.523436718  0.540859649  0.259662002  0.542520320  0.524092983  0.547881037  0.287975288  0.201256882  0.080593687 -0.021166468 -0.215351183 -0.571561063  0.083064776  0.420132693  0.020098868  0.126337504  0.327265870  0.316716004  0.488689940
 0.799140085  0.955366222  0.828652642  0.832948884  0.806614942  1.000000000  0.951799774  0.062230481  0.657037672  0.623311611  0.939234155  0.744155415  0.823873258  0.928822712  0.831235681  0.830039131 -0.602951444 -0.436737059  0.161833336  0.094026442  0.370445705 -0.005165393  0.788118901  0.686867399  0.780127832  0.562229947  0.692431639  0.708964372  0.618972222  0.399776921  0.218422834  0.136998074 -0.087855008 -0.089565349 -0.762601650  0.108154014  0.680755046  0.335877057  0.437538943  0.458392695  0.294323824  0.549228667
 0.840991404  0.917673575  0.888818384  0.865125041  0.882563550  0.951799774  1.000000000  0.062062800  0.576519299  0.573158952  0.913198860  0.698614352  0.820412066  0.927579083  0.856778698  0.796279147 -0.661259870 -0.483929283  0.029062346  0.040522094  0.294278699  0.074820730  0.740948703  0.653907229  0.718146060  0.497082680  0.673413583  0.663267160  0.653915474  0.436582695  0.275958805  0.156359168  0.040075800 -0.056603511 -0.759686831  0.178001721  0.654021746  0.281678787  0.323455442  0.473498926  0.390140446  0.616308473
-0.001945030  0.148078598  0.242993599  0.285823434  0.038236447  0.062230481  0.062062800  1.000000000  0.540594553  0.610263596  0.201092369  0.359594928  0.269704055  0.214875110  0.282937436  0.258178437 -0.466365108 -0.247679028 -0.231482096  0.772351379  0.275241056  0.656620896  0.542720329  0.486616292  0.443236412  0.387672719  0.389944058  0.208667365  0.369100301  0.374117433  0.545807489  0.364801118  0.402200262  0.355814406 -0.152469854  0.605405416  0.373331237  0.344422083  0.035516916  0.008566527  0.182961410  0.257251444
 0.347045250  0.695221750  0.613903664  0.650531871  0.359924876  0.657037672  0.576519299  0.540594553  1.000000000  0.610465790  0.709997120  0.775746172  0.690947289  0.728312045  0.711352914  0.819588515 -0.763635921 -0.434599932  0.002816867  0.572559055  0.599504235  0.306850395  0.882089104  0.723038788  0.838804032  0.787174730  0.670393165  0.723173288  0.740031592  0.691061032  0.566658003  0.552730329  0.271582455  0.410927429 -0.728035732  0.349690715  0.692171575  0.620317637  0.560440108  0.458104440  0.323911429  0.623971011
 0.499788534  0.652302898  0.572695611  0.641692008  0.457478797  0.623311611  0.573158952  0.610263596  0.610465790  1.000000000  0.664132153  0.634788982  0.643544609  0.674772183  0.557254335  0.581551084 -0.542892825 -0.268259420  0.063152122  0.461893224  0.461515960  0.302467851  0.809497069  0.794677979  0.751105458  0.577858366  0.734490990  0.450652599  0.412170177  0.176161150  0.271938606  0.050087201 -0.014996882  0.026457677 -0.532901080  0.437499553  0.651990833  0.255101724  0.253526782  0.038357704  0.017508711  0.336722814
 0.796293916  0.961522767  0.885312902  0.918216554  0.782303923  0.939234155  0.913198860  0.201092369  0.709997120  0.664132153  1.000000000  0.832048290  0.920012008  0.924940500  0.923332334  0.872696145 -0.717535216 -0.578057738 -0.028976238  0.255275475  0.458043752  0.132300411  0.829730116  0.669121387  0.854360097  0.547202419  0.794579994  0.683987252  0.770373689  0.528539515  0.450035361  0.269066736  0.100538596  0.094926850 -0.725208143  0.238187135  0.704774003  0.315459516  0.394035875  0.433225068  0.334817821  0.621316898
 0.657726455  0.835135672  0.819390854  0.747724341  0.580783327  0.744155415  0.698614352  0.359594928  0.775746172  0.634788982  0.832048290  1.000000000  0.888294685  0.765831255  0.811999480  0.753384385 -0.643962317 -0.376903121  0.070166036  0.435972360  0.712601018  0.191983292  0.854544021  0.710247536  0.899371942  0.693385631  0.739959802  0.566743675  0.678387143  0.480751358  0.500827566  0.313140442  0.086660764  0.227770617 -0.722160246  0.382091837  0.665708551  0.284183344  0.464235914  0.266833739  0.285827738  0.674422399
 0.738449328  0.889524779  0.879214315  0.843715280  0.727202283  0.823873258  0.820412066  0.269704055  0.690947289  0.643544609  0.920012008  0.888294685  1.000000000  0.859738862  0.894404772  0.837933535 -0.688233296 -0.595927840 -0.092596569  0.338477533  0.553783900  0.272405685  0.830014446  0.638756527  0.889261617  0.633510855  0.824131764  0.671635104  0.762150629  0.560813631  0.546452834  0.374611622  0.140211285  0.141462950 -0.705517004  0.443866321  0.777685297  0.329486713  0.509040825  0.396345808  0.401207648  0.649501627
 0.686398305  0.901112345  0.818166735  0.877627876  0.761280794  0.928822712  0.927579083  0.214875110  0.728312045  0.674772183  0.924940500  0.765831255  0.859738862  1.000000000  0.901829647  0.907321969 -0.686020167 -0.461118258  0.116874886  0.179628498  0.375387879  0.144877583  0.836290621  0.753943077  0.852231636  0.635362689  0.756924276  0.769885831  0.709110147  0.501945536  0.326679762  0.233805368  0.031224460  0.025810922 -0.830761523  0.243980248  0.726120931  0.402038509  0.450172366  0.447652748  0.359746365  0.621599715
 0.694576672  0.864276808  0.867583932  0.874689371  0.752339775  0.831235681  0.856778698  0.282937436  0.711352914  0.557254335  0.923332334  0.811999480  0.894404772  0.901829647  1.000000000  0.906286669 -0.764224018 -0.656575086 -0.144273644  0.262804813  0.355954358  0.258603157  0.794600218  0.622553551  0.816456003  0.537404420  0.740678628  0.727114675  0.843051583  0.679974978  0.577642625  0.443008337  0.228145463  0.159180799 -0.704075215  0.322308829  0.663015020  0.314242104  0.365543545  0.470912945  0.462938517  0.665262731
 0.533344379  0.838343326  0.726667653  0.780242810  0.603770545  0.830039131  0.796279147  0.258178437  0.819588515  0.581551084  0.872696145  0.753384385  0.837933535  0.907321969  0.906286669  1.000000000 -0.723317211 -0.629018263 -0.038442875  0.215343703  0.382120957  0.196242962  0.823140237  0.668582493  0.856364486  0.675155755  0.764856475  0.882591039  0.800676603  0.704934084  0.505924920  0.482290237  0.123043626  0.191117459 -0.766599189  0.283257856  0.749624160  0.507471237  0.579855049  0.549479261  0.401123662  0.599245637
-0.539138713 -0.673452262 -0.737752446 -0.735705727 -0.538740475 -0.602951444 -0.661259870 -0.466365108 -0.763635921 -0.542892825 -0.717535216 -0.643962317 -0.688233296 -0.686020167 -0.764224018 -0.723317211  1.000000000  0.598053266  0.448644068 -0.462696386 -0.421362739 -0.407606113 -0.750608712 -0.586675745 -0.673337848 -0.498176719 -0.723360398 -0.557256817 -0.877773280 -0.764242594 -0.703984815 -0.591864400 -0.552930215 -0.502416319  0.585830059 -0.354380695 -0.579314843 -0.386207675 -0.267084113 -0.390118023 -0.410977989 -0.663239524
-0.429814901 -0.526774362 -0.563791228 -0.551420820 -0.420699776 -0.436737059 -0.483929283 -0.247679028 -0.434599932 -0.268259420 -0.578057738 -0.376903121 -0.595927840 -0.461118258 -0.656575086 -0.629018263  0.598053266  1.000000000  0.617375460 -0.266067346 -0.117488166 -0.491181513 -0.427751751 -0.175065394 -0.469235130 -0.257769549 -0.520501294 -0.538040898 -0.699616233 -0.775238711 -0.736059930 -0.665039612 -0.504731286 -0.286976470  0.169181422 -0.487867608 -0.563703793 -0.348577184 -0.305152459 -0.564191198 -0.465011567 -0.320968006
-0.064828862  0.045257752 -0.133805202 -0.102547925 -0.022545563  0.161833336  0.029062346 -0.231482096  0.002816867  0.063152122 -0.028976238  0.070166036 -0.092596569  0.116874886 -0.144273644 -0.038442875  0.448644068  0.617375460  1.000000000 -0.145585831  0.140554238 -0.422895866  0.021747457  0.195273297  0.064189083  0.249703890 -0.177097098  0.012801476 -0.399494504 -0.504135473 -0.623211525 -0.513428489 -0.696525853 -0.459472624 -0.271961441 -0.271508210 -0.019006030 -0.012034517  0.211065402 -0.176732804 -0.180417558 -0.036795007
 0.051348219  0.211694994  0.290481336  0.343090397 -0.018160169  0.094026442  0.040522094  0.772351379  0.572559055  0.461893224  0.255275475  0.435972360  0.338477533  0.179628498  0.262804813  0.215343703 -0.462696386 -0.266067346 -0.145585831  1.000000000  0.557914227  0.626583664  0.523303755  0.356773526  0.481135231  0.446207687  0.376763257  0.144325344  0.431828377  0.441065225  0.611018617  0.433319400  0.449491894  0.455610743 -0.138902046  0.560917806  0.415626012  0.377094312  0.202917467  0.003805456  0.262533041  0.370510303
 0.369120780  0.502281867  0.490953057  0.400082098  0.131384858  0.370445705  0.294278699  0.275241056  0.599504235  0.461515960  0.458043752  0.712601018  0.553783900  0.375387879  0.355954358  0.382120957 -0.421362739 -0.117488166  0.140554238  0.557914227  1.000000000  0.110047984  0.608156646  0.572794936  0.654433562  0.721220063  0.453899796  0.171781111  0.354806893  0.235940972  0.369337632  0.325611537  0.110458128  0.479604216 -0.516662112  0.400513418  0.522741325  0.164811941  0.507938405  0.101533730  0.150162261  0.547740412
 0.045417719  0.123058280  0.294339480  0.302853941  0.020033371 -0.005165393  0.074820730  0.656620896  0.306850395  0.302467851  0.132300411  0.191983292  0.272405685  0.144877583  0.258603157  0.196242962 -0.407606113 -0.491181513 -0.422895866  0.626583664  0.110047984  1.000000000  0.276037076  0.078032512  0.254961698  0.245945512  0.370062819  0.193256352  0.398346806  0.553838621  0.658025682  0.486086656  0.657992861  0.300518102  0.082155039  0.823624315  0.456895397  0.510919339  0.105766503  0.105236605  0.480505414  0.280686727
 0.588099842  0.822352780  0.764195395  0.758069739  0.579952535  0.788118901  0.740948703  0.542720329  0.882089104  0.809497069  0.829730116  0.854544021  0.830014446  0.836290621  0.794600218  0.823140237 -0.750608712 -0.427751751  0.021747457  0.523303755  0.608156646  0.276037076  1.000000000  0.845568353  0.915731838  0.777926968  0.779369936  0.704766541  0.706901848  0.533521443  0.498351453  0.383464453  0.106584753  0.198822012 -0.776911968  0.404137176  0.781277650  0.448097990  0.496527161  0.384119188  0.335442094  0.641260784
 0.474310517  0.660645007  0.588521973  0.584510994  0.523436718  0.686867399  0.653907229  0.486616292  0.723038788  0.794677979  0.669121387  0.710247536  0.638756527  0.753943077  0.622553551  0.668582493 -0.586675745 -0.175065394  0.195273297  0.356773526  0.572794936  0.078032512  0.845568353  1.000000000  0.809226651  0.748306694  0.651952941  0.549237395  0.437778795  0.246785923  0.199142229  0.185621554 -0.085532563  0.149411000 -0.779817502  0.283256673  0.600957826  0.218367751  0.421688249  0.228403850  0.118255999  0.521480987
 0.571506394  0.842444522  0.760315021  0.792702284  0.540859649  0.780127832  0.718146060  0.443236412  0.838804032  0.751105458  0.854360097  0.899371942  0.889261617  0.852231636  0.816456003  0.856364486 -0.673337848 -0.469235130  0.064189083  0.481135231  0.654433562  0.254961698  0.915731838  0.809226651  1.000000000  0.789903114  0.813870244  0.698462019  0.714698097  0.536687964  0.518491446  0.371679642  0.082916080  0.263238348 -0.764471157  0.436657082  0.812711202  0.434255315  0.578981363  0.331469996  0.334812724  0.654571822
 0.322911890  0.613464105  0.537346985  0.469401909  0.259662002  0.562229947  0.497082680  0.387672719  0.787174730  0.577858366  0.547202419  0.693385631  0.633510855  0.635362689  0.537404420  0.675155755 -0.498176719 -0.257769549  0.249703890  0.446207687  0.721220063  0.245945512  0.777926968  0.748306694  0.789903114  1.000000000  0.552682557  0.596858057  0.461725824  0.427593633  0.366931635  0.462662319  0.020362117  0.270095733 -0.739360466  0.511297349  0.799706438  0.511484384  0.770493793  0.378294211  0.392278156  0.637926042
 0.548105526  0.754774501  0.689450256  0.727340613  0.542520320  0.692431639  0.673413583  0.389944058  0.670393165  0.734490990  0.794579994  0.739959802  0.824131764  0.756924276  0.740678628  0.764856475 -0.723360398 -0.520501294 -0.177097098  0.376763257  0.453899796  0.370062819  0.779369936  0.651952941  0.813870244  0.552682557  1.000000000  0.660690554  0.686120090  0.507413162  0.498320777  0.301782459  0.173367251  0.192334679 -0.555617012  0.431374747  0.732968307  0.384217470  0.449273265  0.226912238  0.211565773  0.504378041
 0.379207605  0.665851794  0.533460701  0.549669100  0.524092983  0.708964372  0.663267160  0.208667365  0.723173288  0.450652599  0.683987252  0.566743675  0.671635104  0.769885831  0.727114675  0.882591039 -0.557256817 -0.538040898  0.012801476  0.144325344  0.171781111  0.193256352  0.704766541  0.549237395  0.698462019  0.596858057  0.660690554  1.000000000  0.639335997  0.631717600  0.352131521  0.454368683 -0.041467610 -0.036066013 -0.648963352  0.209708390  0.686659773  0.534375721  0.660442722  0.565068487  0.345696519  0.427701689
 0.522203691  0.701960276  0.731761028  0.788723045  0.547881037  0.618972222  0.653915474  0.369100301  0.740031592  0.412170177  0.770373689  0.678387143  0.762150629  0.709110147  0.843051583  0.800676603 -0.877773280 -0.699616233 -0.399494504  0.431828377  0.354806893  0.398346806  0.706901848  0.437778795  0.714698097  0.461725824  0.686120090  0.639335997  1.000000000  0.865190263  0.808588264  0.621667596  0.535949494  0.472107937 -0.556717898  0.325804363  0.590518454  0.447000035  0.314142871  0.448756713  0.532811246  0.715686776
 0.257866211  0.485929386  0.551889748  0.564122773  0.287975288  0.399776921  0.436582695  0.374117433  0.691061032  0.176161150  0.528539515  0.480751358  0.560813631  0.501945536  0.679974978  0.704934084 -0.764242594 -0.775238711 -0.504135473  0.441065225  0.235940972  0.553838621  0.533521443  0.246785923  0.536687964  0.427593633  0.507413162  0.631717600  0.865190263  1.000000000  0.843394092  0.815202626  0.658832856  0.545720323 -0.362642333  0.418127656  0.542680285  0.602867452  0.378594231  0.539621173  0.607003396  0.562368855
 0.285627014  0.397985047  0.535998669  0.524652374  0.201256882  0.218422834  0.275958805  0.545807489  0.566658003  0.271938606  0.450035361  0.500827566  0.546452834  0.326679762  0.577642625  0.505924920 -0.703984815 -0.736059930 -0.623211525  0.611018617  0.369337632  0.658025682  0.498351453  0.199142229  0.518491446  0.366931635  0.498320777  0.352131521  0.808588264  0.843394092  1.000000000  0.773450642  0.741691454  0.638245328 -0.177389173  0.586990699  0.512514046  0.426528320  0.195862996  0.304708399  0.601761172  0.594370443
 0.098854698  0.250005162  0.332568872  0.228598773  0.080593687  0.136998074  0.156359168  0.364801118  0.552730329  0.050087201  0.269066736  0.313140442  0.374611622  0.233805368  0.443008337  0.482290237 -0.591864400 -0.665039612 -0.513428489  0.433319400  0.325611537  0.486086656  0.383464453  0.185621554  0.371679642  0.462662319  0.301782459  0.454368683  0.621667596  0.815202626  0.773450642  1.000000000  0.560285290  0.555010391 -0.196169027  0.444402569  0.421375592  0.389399196  0.461920747  0.459158804  0.587354985  0.440294430
 0.040483105  0.050707151  0.264333388  0.321193816 -0.021166468 -0.087855008  0.040075800  0.402200262  0.271582455 -0.014996882  0.100538596  0.086660764  0.140211285  0.031224460  0.228145463  0.123043626 -0.552930215 -0.504731286 -0.696525853  0.449491894  0.110458128  0.657992861  0.106584753 -0.085532563  0.082916080  0.020362117  0.173367251 -0.041467610  0.535949494  0.658832856  0.741691454  0.560285290  1.000000000  0.736959959  0.087031259  0.460027458  0.134895426  0.333937538 -0.176426315  0.206203058  0.393396293  0.366357052
-0.071167062  0.063373352  0.171067279  0.234500718 -0.215351183 -0.089565349 -0.056603511  0.355814406  0.410927429  0.026457677  0.094926850  0.227770617  0.141462950  0.025810922  0.159180799  0.191117459 -0.502416319 -0.286976470 -0.459472624  0.455610743  0.479604216  0.300518102  0.198822012  0.149411000  0.263238348  0.270095733  0.192334679 -0.036066013  0.472107937  0.545720323  0.638245328  0.555010391  0.736959959  1.000000000 -0.164737890  0.304350038  0.167662576  0.268550425  0.094975946  0.169646728  0.216238605  0.458210637
-0.499232601 -0.729279058 -0.672035257 -0.673330646 -0.571561063 -0.762601650 -0.759686831 -0.152469854 -0.728035732 -0.532901080 -0.725208143 -0.722160246 -0.705517004 -0.830761523 -0.704075215 -0.766599189  0.585830059  0.169181422 -0.271961441 -0.138902046 -0.516662112  0.082155039 -0.776911968 -0.779817502 -0.764471157 -0.739360466 -0.555617012 -0.648963352 -0.556717898 -0.362642333 -0.177389173 -0.196169027  0.087031259 -0.164737890  1.000000000 -0.135921867 -0.631266404 -0.328867566 -0.556106620 -0.482924783 -0.278360593 -0.698084687
 0.182969605  0.270805004  0.420169618  0.348244163  0.083064776  0.108154014  0.178001721  0.605405416  0.349690715  0.437499553  0.238187135  0.382091837  0.443866321  0.243980248  0.322308829  0.283257856 -0.354380695 -0.487867608 -0.271508210  0.560917806  0.400513418  0.823624315  0.404137176  0.283256673  0.436657082  0.511297349  0.431374747  0.209708390  0.325804363  0.418127656  0.586990699  0.444402569  0.460027458  0.304350038 -0.135921867  1.000000000  0.667690097  0.404919260  0.340383888  0.204832437  0.431885403  0.389712573
 0.503019071  0.756327552  0.702435220  0.678649334  0.420132693  0.680755046  0.654021746  0.373331237  0.692171575  0.651990833  0.704774003  0.665708551  0.777685297  0.726120931  0.663015020  0.749624160 -0.579314843 -0.563703793 -0.019006030  0.415626012  0.522741325  0.456895397  0.781277650  0.600957826  0.812711202  0.799706438  0.732968307  0.686659773  0.590518454  0.542680285  0.512514046  0.421375592  0.134895426  0.167662576 -0.631266404  0.667690097  1.000000000  0.604711559  0.718383645  0.490316877  0.494092846  0.614931932
-0.006266103  0.350796812  0.267205762  0.370953993  0.020098868  0.335877057  0.281678787  0.344422083  0.620317637  0.255101724  0.315459516  0.284183344  0.329486713  0.402038509  0.314242104  0.507471237 -0.386207675 -0.348577184 -0.012034517  0.377094312  0.164811941  0.510919339  0.448097990  0.218367751  0.434255315  0.511484384  0.384217470  0.534375721  0.447000035  0.602867452  0.426528320  0.389399196  0.333937538  0.268550425 -0.328867566  0.404919260  0.604711559  1.000000000  0.465885181  0.463595598  0.426533903  0.406555186
 0.168018233  0.464766972  0.310231281  0.228680787  0.126337504  0.437538943  0.323455442  0.035516916  0.560440108  0.253526782  0.394035875  0.464235914  0.509040825  0.450172366  0.365543545  0.579855049 -0.267084113 -0.305152459  0.211065402  0.202917467  0.507938405  0.105766503  0.496527161  0.421688249  0.578981363  0.770493793  0.449273265  0.660442722  0.314142871  0.378594231  0.195862996  0.461920747 -0.176426315  0.094975946 -0.556106620  0.340383888  0.718383645  0.465885181  1.000000000  0.473758112  0.284464494  0.384681147
 0.257938490  0.425084162  0.394095330  0.356165806  0.327265870  0.458392695  0.473498926  0.008566527  0.458104440  0.038357704  0.433225068  0.266833739  0.396345808  0.447652748  0.470912945  0.549479261 -0.390118023 -0.564191198 -0.176732804  0.003805456  0.101533730  0.105236605  0.384119188  0.228403850  0.331469996  0.378294211  0.226912238  0.565068487  0.448756713  0.539621173  0.304708399  0.459158804  0.206203058  0.169646728 -0.482924783  0.204832437  0.490316877  0.463595598  0.473758112  1.000000000  0.426056799  0.409705818
 0.332115517  0.362365678  0.515861181  0.400076549  0.316716004  0.294323824  0.390140446  0.182961410  0.323911429  0.017508711  0.334817821  0.285827738  0.401207648  0.359746365  0.462938517  0.401123662 -0.410977989 -0.465011567 -0.180417558  0.262533041  0.150162261  0.480505414  0.335442094  0.118255999  0.334812724  0.392278156  0.211565773  0.345696519  0.532811246  0.607003396  0.601761172  0.587354985  0.393396293  0.216238605 -0.278360593  0.431885403  0.494092846  0.426533903  0.284464494  0.426056799  1.000000000  0.647928745
 0.539822181  0.644135494  0.731154034  0.681619359  0.488689940  0.549228667  0.616308473  0.257251444  0.623971011  0.336722814  0.621316898  0.674422399  0.649501627  0.621599715  0.665262731  0.599245637 -0.663239524 -0.320968006 -0.036795007  0.370510303  0.547740412  0.280686727  0.641260784  0.521480987  0.654571822  0.637926042  0.504378041  0.427701689  0.715686776  0.562368855  0.594370443  0.440294430  0.366357052  0.458210637 -0.698084687  0.389712573  0.614931932  0.406555186  0.384681147  0.409705818  0.647928745  1.000000000
