 1.0000000000  0.6283192399  0.6693484396 -0.0425283843  0.6221637356 -0.3086864927  0.1941293106 -0.3204871656 -0.0508557104  0.1983131242  0.4911674333  0.0003483739  0.0978403094 -0.2616777791 -0.3349501971 -0.2559667374  0.0578963877  0.3996159027  0.4128596736 -0.0079465594  0.1271785776  0.1129880126  0.0326304752  0.3300002667 -0.0913929654 -0.2088477893 -0.2069183986 -0.2501622410 -0.4209216500 -0.1790426348 -0.1407057813  0.1396989411 -0.0276733506 -0.0167033760 -0.0334205542 -0.1847978180 -0.1793403097 -0.2940120517 -0.4079631419 -0.2507854432 -0.4851906463 -0.2783563073
 0.6283192399  1.0000000000  0.6756794978  0.0493121874  0.7729829151 -0.2577356510  0.4096255695 -0.6138588973  0.1025417747 -0.0122700917  0.3724401404  0.0764068037  0.0452029252 -0.3524330967 -0.2889722878 -0.5668552775  0.0633648923  0.4774489063  0.7681697032  0.1027520329  0.4473940789 -0.5384362899  0.0807668169  0.2758395509  0.1045186937 -0.0104776742 -0.3113194765 -0.2184202910 -0.2795767242 -0.5493987052  0.3646956236  0.1962352981 -0.1315298925 -0.1619405386 -0.1154599517 -0.1814273294 -0.2007738158 -0.6071568505 -0.4599937902 -0.4742252077 -0.6751446910 -0.1522869151
 0.6693484396  0.6756794978  1.0000000000  0.4836186354  0.7938304301 -0.3519386177  0.5741927664 -0.3191050493  0.1806800382 -0.1117366369  0.4553411585 -0.0306101706 -0.0815012002 -0.2739141454 -0.2849209255 -0.1913815178 -0.0541820077  0.4724938366  0.3377726554 -0.0261064138  0.1319363249 -0.1107275215  0.2271976457  0.3720697585 -0.0651731062  0.0834138917 -0.2778795000 -0.0512991685 -0.2609838773 -0.1487154656  0.0941726576  0.0818213960 -0.2137636188 -0.1180745718  0.0348879784 -0.2220944698 -0.0629139374 -0.4597040899 -0.4779130878 -0.2500703362 -0.5282758148 -0.1464647427
-0.0425283843  0.0493121874  0.4836186354  1.0000000000  0.2078575632 -0.0175053638  0.5767911298  0.0471092518  0.1414365744 -0.0094473704  0.1436180303 -0.0908589450 -0.1665988431 -0.0235861362 -0.1026898122  0.0614947460 -0.0354380116  0.0540666903 -0.1257497193  0.1455939727 -0.3360920382  0.0324266025  0.2040765058  0.0525592328 -0.0142489962 -0.0228224013  0.1435751692  0.1532258297  0.2595608212  0.1601740260  0.1242237169 -0.1750417638  0.1317963083  0.3138188891  0.1291408277 -0.3029563812 -0.2840704976 -0.2828213840 -0.0864821265 -0.0569779085 -0.1913670751  0.1963209359
 0.6221637356  0.7729829151  0.7938304301  0.2078575632  1.0000000000 -0.2975160590  0.4771115072 -0.4571092828  0.1957948673 -0.1133694174  0.5686292247  0.1035653696  0.0776203330 -0.2551974399 -0.1633069062 -0.3595865260 -0.2011241146  0.3645035026  0.5384892392 -0.0100305952  0.2055409295 -0.2720978667  0.0892243402  0.1817026129 -0.0801454236  0.0217715149 -0.2547852549 -0.2274972813 -0.2445417952 -0.3431618809  0.1767017578  0.1445004984 -0.0726042856 -0.0944573511 -0.0519774801 -0.2049586700 -0.0738576240 -0.5452027988 -0.4861430018 -0.2550443664 -0.5488002461 -0.1202012087
-0.3086864927 -0.2577356510 -0.3519386177 -0.0175053638 -0.2975160590  1.0000000000  0.2426525113  0.5133368508  0.3570870361  0.0017617088 -0.1715384658  0.4237390964  0.3408265212  0.6334835469  0.5183825602  0.2343956484 -0.2191018535 -0.4945314450 -0.4612663481  0.3095424721 -0.3680055032  0.1747302278  0.2896093717 -0.2608122843  0.2215928114 -0.4733856448  0.4140956922  0.4556894653  0.1708910691  0.1219981405 -0.1097235319 -0.4073520033  0.0470842330  0.1180766924  0.2701455730  0.4263425066  0.0220933428  0.4568223086  0.0948758802  0.1086664181  0.2555885118  0.2703245119
 0.1941293106  0.4096255695  0.5741927664  0.5767911298  0.4771115072  0.2426525113  1.0000000000  0.1341187282  0.3828466101  0.0012564651  0.1913384816  0.1583164067 -0.0448617677  0.0621044549 -0.0440941892 -0.1344197460 -0.2380811704  0.1136986078  0.0016044459  0.2147832181 -0.1485083731 -0.1009574228  0.3894690572  0.1744489488  0.0522372367 -0.0778672991 -0.0629637082  0.2770598985 -0.0614485226 -0.0688542616  0.1994294019 -0.1736166826 -0.0522074027  0.1025058395  0.3149714078  0.0635283427 -0.0037949963 -0.1592450998 -0.3592993644 -0.1652037169 -0.2950806225  0.1545200297
-0.3204871656 -0.6138588973 -0.3191050493  0.0471092518 -0.4571092828  0.5133368508  0.1341187282  1.0000000000  0.2271139779  0.0684311724 -0.0888850385 -0.0113970063  0.0763508241  0.4272680164  0.3113888998  0.4357724689 -0.2725531350 -0.4060949261 -0.7375537636 -0.0179721242 -0.4847178606  0.4655414242  0.2673474574 -0.0164461691 -0.0238452673 -0.2110725095  0.2035084024  0.4184155542 -0.1033478082  0.3676694488 -0.2731417430 -0.3598632101 -0.0748657978  0.1202129224  0.5178193613  0.6230130824  0.4516550390  0.6950591529 -0.0085823958  0.4579811252  0.5269483114  0.3760814824
-0.0508557104  0.1025417747  0.1806800382  0.1414365744  0.1957948673  0.3570870361  0.3828466101  0.2271139779  1.0000000000 -0.2271648310  0.2151513849  0.4425988453  0.4021366773  0.3343436723  0.2972832795  0.0492197626 -0.1619388585 -0.3197203169 -0.2407901577  0.0339829875 -0.1062935007 -0.1743845875  0.5653715494  0.1215673679  0.1497169242 -0.0500224868 -0.1999510458  0.3780877660 -0.2688026941 -0.0871806679  0.0243918678 -0.2875333864 -0.3646033621 -0.1384828295  0.2394955155  0.2905961060  0.2070634554  0.2047380067 -0.4147000272  0.0056090064 -0.0514875788  0.0849937414
 0.1983131242 -0.0122700917 -0.1117366369 -0.0094473704 -0.1133694174  0.0017617088  0.0012564651  0.0684311724 -0.2271648310  1.0000000000  0.0891254858  0.0410125970 -0.0181755183 -0.2649695597 -0.3743097256 -0.2285599693  0.3864494330  0.0233843210  0.0139845849 -0.0384609541 -0.1694565091  0.1041449664 -0.0628929876 -0.0450410857 -0.0010633582 -0.1927622914  0.0032135395 -0.1774664450 -0.0454551781 -0.0389335152  0.0018604983 -0.0739967635  0.2360034121  0.2439848776  0.1472489202 -0.1053141344 -0.2356498239  0.0250774790  0.0675901578 -0.1871447723 -0.1845667998  0.0662738747
 0.4911674333  0.3724401404  0.4553411585  0.1436180303  0.5686292247 -0.1715384658  0.1913384816 -0.0888850385  0.2151513849  0.0891254858  1.0000000000  0.2136447278  0.0790239819 -0.1752753517 -0.1740958273 -0.2656975709 -0.0785826470  0.1882809635  0.1916803079  0.0801833200 -0.0240282697  0.0282159141  0.2763702974  0.3062569649  0.0654939452 -0.0648482635 -0.2567064763 -0.1086460350 -0.2150939549 -0.2171963683 -0.0008076184 -0.0790958753  0.0172909102  0.2377940244  0.2364554359  0.0619306817 -0.0646769763 -0.1961063824 -0.4690127585 -0.1393467361 -0.4265117942  0.0311792462
 0.0003483739  0.0764068037 -0.0306101706 -0.0908589450  0.1035653696  0.4237390964  0.1583164067 -0.0113970063  0.4425988453  0.0410125970  0.2136447278  1.0000000000  0.5805626731  0.3479711719  0.3658537517 -0.0599031804 -0.0432444196 -0.3247710610 -0.1670465109  0.0443886779 -0.1350450846 -0.1506164823  0.3400308121 -0.1826979866  0.3149573031 -0.2057474341  0.0960808375  0.2156757759  0.1841836212 -0.0829831117 -0.0511666017 -0.1861874329 -0.0366796336  0.0119067990  0.1844940003  0.0476338591 -0.2213906843  0.0640799093 -0.0958052919 -0.0817458466 -0.1190765044  0.0953745529
 0.0978403094  0.0452029252 -0.0815012002 -0.1665988431  0.0776203330  0.3408265212 -0.0448617677  0.0763508241  0.4021366773 -0.0181755183  0.0790239819  0.5805626731  1.0000000000  0.3674046694  0.5226014520  0.0188134277 -0.0566639900 -0.5162330277 -0.0777204249 -0.1205842489 -0.1843568754 -0.1739618816  0.0490725092 -0.3277704680  0.2733191257 -0.3393629605  0.2494545834  0.0409790366  0.0741973834 -0.1834326774 -0.0836151265  0.0462287152  0.0009423190 -0.1704278848  0.0087906663  0.0772515637 -0.1190953262  0.0970551465 -0.0691359491  0.1720187476  0.0501618649  0.2598491360
-0.2616777791 -0.3524330967 -0.2739141454 -0.0235861362 -0.2551974399  0.6334835469  0.0621044549  0.4272680164  0.3343436723 -0.2649695597 -0.1752753517  0.3479711719  0.3674046694  1.0000000000  0.8000294862  0.6482385166 -0.2202819077 -0.5566029334 -0.5215669403  0.2161512915 -0.4401615264  0.1843216551  0.2980692670 -0.3095663566  0.0656368908 -0.3973135623  0.5145206567  0.6448920794  0.1318353789  0.3437388016 -0.3521234498 -0.3323870461 -0.2954755831 -0.1869087074 -0.0679083060  0.3070522861  0.1467750567  0.3394978164  0.1753908250  0.3553482067  0.4420493412  0.0479413103
-0.3349501971 -0.2889722878 -0.2849209255 -0.1026898122 -0.1633069062  0.5183825602 -0.0440941892  0.3113888998  0.2972832795 -0.3743097256 -0.1740958273  0.3658537517  0.5226014520  0.8000294862  1.0000000000  0.5659486609 -0.1697754012 -0.6268477308 -0.3306444112 -0.1228979154 -0.4018245886 -0.0310065707 -0.0072872926 -0.4521368662  0.1727276433 -0.2773712458  0.5045249098  0.4830765718  0.2101716672  0.1742513940 -0.2535423179 -0.1525565342 -0.2228057051 -0.2782541383 -0.1703708501  0.2853617028  0.1564174345  0.2322890719  0.2580463464  0.2828461168  0.3702830745  0.0439617225
-0.2559667374 -0.5668552775 -0.1913815178  0.0614947460 -0.3595865260  0.2343956484 -0.1344197460  0.4357724689  0.0492197626 -0.2285599693 -0.2656975709 -0.0599031804  0.0188134277  0.6482385166  0.5659486609  1.0000000000 -0.1415032605 -0.4717970240 -0.6510608529 -0.1464333024 -0.4888382988  0.4404304866 -0.0270528347 -0.2768316853 -0.2080210697 -0.2851474074  0.3648736068  0.6115546706  0.0327640488  0.6960773148 -0.4172727136 -0.0731660244 -0.3620562705 -0.3048520579 -0.1625960457  0.3249175359  0.3238687785  0.4090011164  0.2572610055  0.3449419212  0.5573922806 -0.2316076936
 0.0578963877  0.0633648923 -0.0541820077 -0.0354380116 -0.2011241146 -0.2191018535 -0.2380811704 -0.2725531350 -0.1619388585  0.3864494330 -0.0785826470 -0.0432444196 -0.0566639900 -0.2202819077 -0.1697754012 -0.1415032605  1.0000000000  0.0639872645  0.1382526788 -0.2212673147  0.0449778414 -0.0773369149 -0.0399429757 -0.1128854914 -0.0298742291  0.0118044540  0.0722155530 -0.1451319687  0.0045426572 -0.0366892805  0.0193280745  0.0616131425 -0.0406182286 -0.0815326655 -0.3354879115 -0.4155456426 -0.3426893601 -0.2275029920  0.2296558422 -0.1643954524 -0.1582689684 -0.3046498540
 0.3996159027  0.4774489063  0.4724938366  0.0540666903  0.3645035026 -0.4945314450  0.1136986078 -0.4060949261 -0.3197203169  0.0233843210  0.1882809635 -0.3247710610 -0.5162330277 -0.5566029334 -0.6268477308 -0.4717970240  0.0639872645  1.0000000000  0.5048229624  0.2237091835  0.5541839975 -0.0729287866  0.0494926026  0.5916273333  0.0257104888  0.4095933776 -0.3706477939 -0.3554567700 -0.1505818672 -0.3317074651  0.2132084778  0.0116863836  0.0682715194  0.1767221185  0.1472853517 -0.2649796464 -0.0598494804 -0.4048564561 -0.0883085670 -0.2625528464 -0.3500086474 -0.0593369660
 0.4128596736  0.7681697032  0.3377726554 -0.1257497193  0.5384892392 -0.4612663481  0.0016044459 -0.7375537636 -0.2407901577  0.0139845849  0.1916803079 -0.1670465109 -0.0777204249 -0.5215669403 -0.3306444112 -0.6510608529  0.1382526788  0.5048229624  1.0000000000  0.0388503114  0.5061304057 -0.6031890906 -0.1921382017  0.1537157677  0.1747518640  0.2377444026 -0.2534886216 -0.5013106431 -0.1293488309 -0.6882229330  0.3170230564  0.2551770697  0.1402655933 -0.0603649004 -0.3296565885 -0.3808536715 -0.3379831411 -0.6676679361 -0.1674355226 -0.3829265153 -0.6281859773 -0.1223699106
-0.0079465594  0.1027520329 -0.0261064138  0.1455939727 -0.0100305952  0.3095424721  0.2147832181 -0.0179721242  0.0339829875 -0.0384609541  0.0801833200  0.0443886779 -0.1205842489  0.2161512915 -0.1228979154 -0.1464333024 -0.2212673147  0.2237091835  0.0388503114  1.0000000000  0.0618371510  0.1157070618  0.2839770693  0.1471423670  0.0467708586 -0.1188776904  0.0894233583 -0.0093100426  0.0963235208 -0.1308542789  0.0195084745 -0.1150359984  0.2330103716  0.3816500988  0.2949050905  0.0115370072 -0.0735717600 -0.1105928944  0.0465546774  0.0482470081  0.0692479034  0.3643380278
 0.1271785776  0.4473940789  0.1319363249 -0.3360920382  0.2055409295 -0.3680055032 -0.1485083731 -0.4847178606 -0.1062935007 -0.1694565091 -0.0240282697 -0.1350450846 -0.1843568754 -0.4401615264 -0.4018245886 -0.4888382988  0.0449778414  0.5541839975  0.5061304057  0.0618371510  1.0000000000 -0.3712805130  0.0480265628  0.5013208008  0.0840928952  0.3471412306 -0.5943213013 -0.2932570037 -0.1682089745 -0.4391238586  0.3756116649  0.2563152623 -0.2036234177 -0.2270965546  0.0784170122 -0.0453743594  0.0699589659 -0.1447064550 -0.1806165551 -0.3609679615 -0.2832177704 -0.0584945704
 0.1129880126 -0.5384362899 -0.1107275215  0.0324266025 -0.2720978667  0.1747302278 -0.1009574228  0.4655414242 -0.1743845875  0.1041449664  0.0282159141 -0.1506164823 -0.1739618816  0.1843216551 -0.0310065707  0.4404304866 -0.0773369149 -0.0729287866 -0.6031890906  0.1157070618 -0.3712805130  1.0000000000 -0.0245077188 -0.0141545030 -0.3657132383 -0.2453639559  0.2223374648  0.0785840380 -0.0023533108  0.6191876681 -0.3881381357 -0.0777460561  0.1580421365  0.3146831134  0.2717714800  0.1576729538  0.2235303277  0.4535464347  0.2549444835  0.4098420769  0.5043553234 -0.0293486223
 0.0326304752  0.0807668169  0.2271976457  0.2040765058  0.0892243402  0.2896093717  0.3894690572  0.2673474574  0.5653715494 -0.0628929876  0.2763702974  0.3400308121  0.0490725092  0.2980692670 -0.0072872926 -0.0270528347 -0.0399429757  0.0494926026 -0.1921382017  0.2839770693  0.0480265628 -0.0245077188  1.0000000000  0.4225903833  0.3416189481 -0.0366774517 -0.1390663459  0.3921374033 -0.2418072040 -0.0166028050 -0.0052803569 -0.5189492354 -0.3236681141 -0.0015160552  0.3270177516  0.2062661093  0.0519880167  0.1555532360 -0.4194587083 -0.0263472542 -0.1648761991  0.1093428817
 0.3300002667  0.2758395509  0.3720697585  0.0525592328  0.1817026129 -0.2608122843  0.1744489488 -0.0164461691  0.1215673679 -0.0450410857  0.3062569649 -0.1826979866 -0.3277704680 -0.3095663566 -0.4521368662 -0.2768316853 -0.1128854914  0.5916273333  0.1537157677  0.1471423670  0.5013208008 -0.0141545030  0.4225903833  1.0000000000  0.1236562398  0.2518860234 -0.6497808506 -0.0864254920 -0.4182652143 -0.2024571194  0.0635109849 -0.1628457847 -0.1471673057  0.1250361555  0.4223585748  0.1018984713  0.1038409358  0.0615028699 -0.4839058530 -0.3477246400 -0.3506069195 -0.0321840818
-0.0913929654  0.1045186937 -0.0651731062 -0.0142489962 -0.0801454236  0.2215928114  0.0522372367 -0.0238452673  0.1497169242 -0.0010633582  0.0654939452  0.3149573031  0.2733191257  0.0656368908  0.1727276433 -0.2080210697 -0.0298742291  0.0257104888  0.1747518640  0.0467708586  0.0840928952 -0.3657132383  0.3416189481  0.1236562398  1.0000000000  0.0900029136  0.0978098865  0.2367403145  0.1889202368 -0.2499077953  0.2482733008 -0.2357150961  0.0733216462  0.0998765456  0.1218317349  0.0720299299 -0.2119200252 -0.0276920012 -0.0509754603 -0.2368521761 -0.2970869714  0.1307378386
-0.2088477893 -0.0104776742  0.0834138917 -0.0228224013  0.0217715149 -0.4733856448 -0.0778672991 -0.2110725095 -0.0500224868 -0.1927622914 -0.0648482635 -0.2057474341 -0.3393629605 -0.3973135623 -0.2773712458 -0.2851474074  0.0118044540  0.4095933776  0.2377444026 -0.1188776904  0.3471412306 -0.2453639559 -0.0366774517  0.2518860234  0.0900029136  1.0000000000 -0.4190078873 -0.2383506313 -0.0612324068 -0.3545911773  0.0983490389 -0.0013272113  0.0587994233  0.0154412203  0.0385925611 -0.1930876872  0.1583126873 -0.1652985982  0.0427467465  0.1136600911 -0.0663803529  0.0533143501
-0.2069183986 -0.3113194765 -0.2778795000  0.1435751692 -0.2547852549  0.4140956922 -0.0629637082  0.2035084024 -0.1999510458  0.0032135395 -0.2567064763  0.0960808375  0.2494545834  0.5145206567  0.5045249098  0.3648736068  0.0722155530 -0.3706477939 -0.2534886216  0.0894233583 -0.5943213013  0.2223374648 -0.1390663459 -0.6497808506  0.0978098865 -0.4190078873  1.0000000000  0.2302649250  0.4703007013  0.3492764957 -0.1760825275 -0.1688956971  0.2058480510  0.1108561852 -0.3327863675 -0.1402965482 -0.1889807160 -0.0823379692  0.5309585908  0.3267439089  0.2833802116  0.0733475273
-0.2501622410 -0.2184202910 -0.0512991685  0.1532258297 -0.2274972813  0.4556894653  0.2770598985  0.4184155542  0.3780877660 -0.1774664450 -0.1086460350  0.2156757759  0.0409790366  0.6448920794  0.4830765718  0.6115546706 -0.1451319687 -0.3554567700 -0.5013106431 -0.0093100426 -0.2932570037  0.0785840380  0.3921374033 -0.0864254920  0.2367403145 -0.2383506313  0.2302649250  1.0000000000  0.0703829771  0.4596491228 -0.0011146183 -0.3293720844 -0.5138861624 -0.2580845397  0.0388059965  0.4398806773  0.2635949534  0.3944276867 -0.0523667257 -0.0221140130  0.2324442261 -0.2030259122
-0.4209216500 -0.2795767242 -0.2609838773  0.2595608212 -0.2445417952  0.1708910691 -0.0614485226 -0.1033478082 -0.2688026941 -0.0454551781 -0.2150939549  0.1841836212  0.0741973834  0.1318353789  0.2101716672  0.0327640488  0.0045426572 -0.1505818672 -0.1293488309  0.0963235208 -0.1682089745 -0.0023533108 -0.2418072040 -0.4182652143  0.1889202368 -0.0612324068  0.4703007013  0.0703829771  1.0000000000  0.2018569396  0.3222349383 -0.0402248037  0.3814218211  0.3286885577 -0.0755262508 -0.3542159470 -0.4136873030 -0.1998446565  0.6042568797 -0.0687139419  0.0568535481  0.1169997558
-0.1790426348 -0.5493987052 -0.1487154656  0.1601740260 -0.3431618809  0.1219981405 -0.0688542616  0.3676694488 -0.0871806679 -0.0389335152 -0.2171963683 -0.0829831117 -0.1834326774  0.3437388016  0.1742513940  0.6960773148 -0.0366892805 -0.3317074651 -0.6882229330 -0.1308542789 -0.4391238586  0.6191876681 -0.0166028050 -0.2024571194 -0.2499077953 -0.3545911773  0.3492764957  0.4596491228  0.2018569396  1.0000000000 -0.1747685600  0.0924981424 -0.1779680841 -0.0627193244 -0.0478803775  0.1058815899  0.2175622409  0.3501173954  0.2238767791  0.1841160604  0.4259696778 -0.3318524809
-0.1407057813  0.3646956236  0.0941726576  0.1242237169  0.1767017578 -0.1097235319  0.1994294019 -0.2731417430  0.0243918678  0.0018604983 -0.0008076184 -0.0511666017 -0.0836151265 -0.3521234498 -0.2535423179 -0.4172727136  0.0193280745  0.2132084778  0.3170230564  0.0195084745  0.3756116649 -0.3881381357 -0.0052803569  0.0635109849  0.2482733008  0.0983490389 -0.1760825275 -0.0011146183  0.3222349383 -0.1747685600  1.0000000000  0.1819870215  0.0627568928  0.0991590372  0.1087755932 -0.0210253391 -0.0447504691 -0.3151227338 -0.0060801700 -0.3565577523 -0.2014293231  0.0397336225
 0.1396989411  0.1962352981  0.0818213960 -0.1750417638  0.1445004984 -0.4073520033 -0.1736166826 -0.3598632101 -0.2875333864 -0.0739967635 -0.0790958753 -0.1861874329  0.0462287152 -0.3323870461 -0.1525565342 -0.0731660244  0.0616131425  0.0116863836  0.2551770697 -0.1150359984  0.2563152623 -0.0777460561 -0.5189492354 -0.1628457847 -0.2357150961 -0.0013272113 -0.1688956971 -0.3293720844 -0.0402248037  0.0924981424  0.1819870215  1.0000000000 -0.0258550438 -0.3035666391 -0.1701325943 -0.1014106011  0.1313432021 -0.2066567549 -0.0352336851  0.0060339342  0.0483957219 -0.1296579807
-0.0276733506 -0.1315298925 -0.2137636188  0.1317963083 -0.0726042856  0.0470842330 -0.0522074027 -0.0748657978 -0.3646033621  0.2360034121  0.0172909102 -0.0366796336  0.0009423190 -0.2954755831 -0.2228057051 -0.3620562705 -0.0406182286  0.0682715194  0.1402655933  0.2330103716 -0.2036234177  0.1580421365 -0.3236681141 -0.1471673057  0.0733216462  0.0587994233  0.2058480510 -0.5138861624  0.3814218211 -0.1779680841  0.0627568928 -0.0258550438  1.0000000000  0.8149427932  0.1718576215 -0.3747034303 -0.5316734019 -0.2586862424  0.2649702063  0.0561951673 -0.0366613593  0.2983870358
-0.0167033760 -0.1619405386 -0.1180745718  0.3138188891 -0.0944573511  0.1180766924  0.1025058395  0.1202129224 -0.1384828295  0.2439848776  0.2377940244  0.0119067990 -0.1704278848 -0.1869087074 -0.2782541383 -0.3048520579 -0.0815326655  0.1767221185 -0.0603649004  0.3816500988 -0.2270965546  0.3146831134 -0.0015160552  0.1250361555  0.0998765456  0.0154412203  0.1108561852 -0.2580845397  0.3286885577 -0.0627193244  0.0991590372 -0.3035666391  0.8149427932  1.0000000000  0.4398007995 -0.2075112451 -0.4216932703 -0.1273393318  0.1719875099  0.0098856089 -0.0532168682  0.3321276618
-0.0334205542 -0.1154599517  0.0348879784  0.1291408277 -0.0519774801  0.2701455730  0.3149714078  0.5178193613  0.2394955155  0.1472489202  0.2364554359  0.1844940003  0.0087906663 -0.0679083060 -0.1703708501 -0.1625960457 -0.3354879115  0.1472853517 -0.3296565885  0.2949050905  0.0784170122  0.2717714800  0.3270177516  0.4223585748  0.1218317349  0.0385925611 -0.3327863675  0.0388059965 -0.0755262508 -0.0478803775  0.1087755932 -0.1701325943  0.1718576215  0.4398007995  1.0000000000  0.4508352078  0.2451419859  0.3675960581 -0.1962227561  0.1194549726  0.1478230392  0.5865615913
-0.1847978180 -0.1814273294 -0.2220944698 -0.3029563812 -0.2049586700  0.4263425066  0.0635283427  0.6230130824  0.2905961060 -0.1053141344  0.0619306817  0.0476338591  0.0772515637  0.3070522861  0.2853617028  0.3249175359 -0.4155456426 -0.2649796464 -0.3808536715  0.0115370072 -0.0453743594  0.1576729538  0.2062661093  0.1018984713  0.0720299299 -0.1930876872 -0.1402965482  0.4398806773 -0.3542159470  0.1058815899 -0.0210253391 -0.1014106011 -0.3747034303 -0.2075112451  0.4508352078  1.0000000000  0.6532203619  0.6788966734 -0.2008677720  0.2231675275  0.3798503141  0.2630700475
-0.1793403097 -0.2007738158 -0.0629139374 -0.2840704976 -0.0738576240  0.0220933428 -0.0037949963  0.4516550390  0.2070634554 -0.2356498239 -0.0646769763 -0.2213906843 -0.1190953262  0.1467750567  0.1564174345  0.3238687785 -0.3426893601 -0.0598494804 -0.3379831411 -0.0735717600  0.0699589659  0.2235303277  0.0519880167  0.1038409358 -0.2119200252  0.1583126873 -0.1889807160  0.2635949534 -0.4136873030  0.2175622409 -0.0447504691  0.1313432021 -0.5316734019 -0.4216932703  0.2451419859  0.6532203619  1.0000000000  0.4702196881 -0.1128128077  0.3686577971  0.5149778518  0.0800317823
-0.2940120517 -0.6071568505 -0.4597040899 -0.2828213840 -0.5452027988  0.4568223086 -0.1592450998  0.6950591529  0.2047380067  0.0250774790 -0.1961063824  0.0640799093  0.0970551465  0.3394978164  0.2322890719  0.4090011164 -0.2275029920 -0.4048564561 -0.6676679361 -0.1105928944 -0.1447064550  0.4535464347  0.1555532360  0.0615028699 -0.0276920012 -0.1652985982 -0.0823379692  0.3944276867 -0.1998446565  0.3501173954 -0.3151227338 -0.2066567549 -0.2586862424 -0.1273393318  0.3675960581  0.6788966734  0.4702196881  1.0000000000 -0.0361914913  0.2848591633  0.5401205831  0.1653734903
-0.4079631419 -0.4599937902 -0.4779130878 -0.0864821265 -0.4861430018  0.0948758802 -0.3592993644 -0.0085823958 -0.4147000272  0.0675901578 -0.4690127585 -0.0958052919 -0.0691359491  0.1753908250  0.2580463464  0.2572610055  0.2296558422 -0.0883085670 -0.1674355226  0.0465546774 -0.1806165551  0.2549444835 -0.4194587083 -0.4839058530 -0.0509754603  0.0427467465  0.5309585908 -0.0523667257  0.6042568797  0.2238767791 -0.0060801700 -0.0352336851  0.2649702063  0.1719875099 -0.1962227561 -0.2008677720 -0.1128128077 -0.0361914913  1.0000000000  0.3020642980  0.3783606997  0.0863992377
-0.2507854432 -0.4742252077 -0.2500703362 -0.0569779085 -0.2550443664  0.1086664181 -0.1652037169  0.4579811252  0.0056090064 -0.1871447723 -0.1393467361 -0.0817458466  0.1720187476  0.3553482067  0.2828461168  0.3449419212 -0.1643954524 -0.2625528464 -0.3829265153  0.0482470081 -0.3609679615  0.4098420769 -0.0263472542 -0.3477246400 -0.2368521761  0.1136600911  0.3267439089 -0.0221140130 -0.0687139419  0.1841160604 -0.3565577523  0.0060339342  0.0561951673  0.0098856089  0.1194549726  0.2231675275  0.3686577971  0.2848591633  0.3020642980  1.0000000000  0.7025755557  0.4176530680
-0.4851906463 -0.6751446910 -0.5282758148 -0.1913670751 -0.5488002461  0.2555885118 -0.2950806225  0.5269483114 -0.0514875788 -0.1845667998 -0.4265117942 -0.1190765044  0.0501618649  0.4420493412  0.3702830745  0.5573922806 -0.1582689684 -0.3500086474 -0.6281859773  0.0692479034 -0.2832177704  0.5043553234 -0.1648761991 -0.3506069195 -0.2970869714 -0.0663803529  0.2833802116  0.2324442261  0.0568535481  0.4259696778 -0.2014293231  0.0483957219 -0.0366613593 -0.0532168682  0.1478230392  0.3798503141  0.5149778518  0.5401205831  0.3783606997  0.7025755557  1.0000000000  0.2195376854
-0.2783563073 -0.1522869151 -0.1464647427  0.1963209359 -0.1202012087  0.2703245119  0.1545200297  0.3760814824  0.0849937414  0.0662738747  0.0311792462  0.0953745529  0.2598491360  0.0479413103  0.0439617225 -0.2316076936 -0.3046498540 -0.0593369660 -0.1223699106  0.3643380278 -0.0584945704 -0.0293486223  0.1093428817 -0.0321840818  0.1307378386  0.0533143501  0.0733475273 -0.2030259122  0.1169997558 -0.3318524809  0.0397336225 -0.1296579807  0.2983870358  0.3321276618  0.5865615913  0.2630700475  0.0800317823  0.1653734903  0.0863992377  0.4176530680  0.2195376854  1.0000000000
