 1.000000e+00  6.497590e-01  7.625503e-01  5.969315e-01  7.527336e-01  7.713793e-01  7.193063e-01  2.826436e-01 -6.070810e-02  5.120760e-01  5.058711e-01  5.996969e-01  5.323080e-01  2.039425e-01  1.619832e-01  1.247329e-01 -6.666162e-01 -1.898702e-01 -5.818916e-01  6.347383e-01  2.769924e-01 -2.780385e-01  3.817670e-02  2.017283e-01 -1.866527e-01 -5.682373e-02 -7.276992e-02  1.145725e-01 -1.463725e-01 -1.046972e-01  2.766051e-01  2.934081e-01  1.754205e-01  5.874217e-01 -9.743387e-02 -1.077821e-01 -4.793487e-03  4.047940e-01 -3.663748e-01  6.006657e-02  1.261568e-01  3.617799e-01
 6.497590e-01  1.000000e+00  5.167791e-01  5.339014e-01  6.597755e-01  8.427869e-01  7.261251e-01  1.817757e-01 -7.188113e-02  1.907514e-01  4.826105e-01  5.122534e-01  4.245941e-01  1.094049e-01  2.483602e-02 -1.103365e-01 -5.387221e-01  1.378347e-01 -4.242862e-01  4.771501e-01  3.311738e-01  6.029723e-02  2.073106e-01  1.345422e-01 -1.703759e-01  2.858440e-01 -8.841336e-02 -1.779936e-01 -1.944548e-01 -3.888328e-01  2.597309e-01  3.993983e-01 -7.239033e-02  5.196672e-01  3.642246e-01  1.892655e-01  2.486916e-01  2.848717e-01 -1.906503e-01  2.141518e-01 -1.682741e-01 -1.986951e-01
 7.625503e-01  5.167791e-01  1.000000e+00  5.659935e-01  7.952963e-01  6.581495e-01  7.190155e-01  2.923558e-01 -3.737065e-02  3.424310e-01  3.558287e-01  3.920170e-01  3.502157e-01  4.389670e-01  3.059231e-01  1.597396e-01 -5.040561e-01 -2.271243e-01 -4.830173e-01  5.502704e-01  2.547944e-01 -1.932665e-01 -9.461464e-02  6.943405e-02 -7.595241e-02 -9.511348e-02 -1.618159e-02  1.917597e-01  1.128590e-02  4.552389e-02  8.135560e-02  3.386049e-01  1.399052e-01  3.783674e-01 -3.205371e-02  1.241674e-02 -2.614707e-02  2.920984e-01 -2.449761e-01 -8.976578e-02  7.802855e-02  3.322573e-01
 5.969315e-01  5.339014e-01  5.659935e-01  1.000000e+00  6.762397e-01  6.412938e-01  6.319783e-01  4.599581e-01  1.330824e-01  5.349471e-01  2.044337e-01  1.807462e-01  2.971169e-04  4.710430e-01  2.975123e-01  3.379996e-02 -5.529489e-01 -5.340203e-01 -6.809511e-01  4.417410e-01  1.998241e-01 -5.233981e-02  6.637161e-02  1.758754e-01 -3.459346e-01 -2.050858e-02 -2.600852e-01 -2.610629e-02  1.878805e-01 -4.727559e-02  4.161399e-01  1.126136e-01  5.270064e-01  5.354499e-01  6.990711e-02 -1.916548e-01  7.494740e-02  3.833729e-01 -3.516885e-01 -2.476583e-01  2.556905e-01  2.127487e-01
 7.527336e-01  6.597755e-01  7.952963e-01  6.762397e-01  1.000000e+00  8.256156e-01  9.210331e-01  4.002976e-01 -9.627993e-02  2.779968e-01  4.356515e-01  3.960929e-01  3.067518e-01  4.637417e-01  1.706762e-01  5.124013e-02 -4.630236e-01 -1.258782e-01 -4.092933e-01  5.900504e-01  2.347143e-01 -1.104700e-01 -8.408522e-02  2.397289e-02 -3.113954e-01 -1.186185e-01 -1.062555e-01  8.157787e-02 -1.132396e-01 -1.458299e-01  7.338487e-02  3.425772e-01  8.445375e-02  3.828341e-01  6.144429e-02  8.874900e-02 -4.085710e-02  4.341917e-01 -2.401588e-01  5.791433e-02 -9.032986e-02  2.145777e-01
 7.713793e-01  8.427869e-01  6.581495e-01  6.412938e-01  8.256156e-01  1.000000e+00  8.383422e-01  1.868970e-01 -8.828960e-02  2.753486e-01  6.011654e-01  5.949958e-01  4.955391e-01  3.529076e-01  1.835550e-01  9.023205e-02 -6.032850e-01 -1.106439e-01 -5.225808e-01  4.544655e-01  2.113812e-01 -4.045809e-02  1.179603e-01  5.955253e-02 -1.263448e-01  5.771302e-02  3.998948e-02  5.136110e-02 -1.196166e-01 -1.993674e-01  1.323051e-01  3.045552e-01  6.571234e-02  4.316700e-01  1.820475e-01 -2.929939e-05  7.056864e-02  2.966157e-01 -2.638252e-01  3.332215e-02 -3.853599e-02  4.168202e-02
 7.193063e-01  7.261251e-01  7.190155e-01  6.319783e-01  9.210331e-01  8.383422e-01  1.000000e+00  3.721866e-01 -1.449758e-01  2.491837e-01  4.976574e-01  4.750484e-01  3.952303e-01  4.357731e-01  2.189824e-01  9.624301e-02 -5.262347e-01 -8.454726e-02 -4.485246e-01  5.695701e-01  2.403406e-01 -1.280031e-01 -2.707347e-02 -2.064646e-02 -2.517588e-01 -1.807342e-01 -7.503026e-02  1.026360e-01 -1.456783e-01 -1.571459e-01  1.341341e-01  4.332615e-01  3.594775e-02  4.276208e-01  8.118845e-02  2.851485e-02 -1.153089e-01  4.340210e-01 -3.041925e-01  9.373801e-02 -1.392783e-01  1.878861e-01
 2.826436e-01  1.817757e-01  2.923558e-01  4.599581e-01  4.002976e-01  1.868970e-01  3.721866e-01  1.000000e+00  3.894113e-01  5.776855e-01 -3.311161e-01 -2.197494e-01 -2.673912e-01  1.768859e-02 -3.301112e-01 -4.566082e-01 -1.206804e-01 -4.415789e-02 -1.052880e-01  6.630677e-01  6.929884e-01  1.349656e-02 -3.877774e-02  1.765016e-01 -5.487530e-01  6.700133e-02 -5.603365e-01 -4.208883e-01 -2.834887e-01 -3.729209e-01  2.407748e-01  2.012427e-01  2.110259e-01  4.503963e-01 -1.044556e-01  1.770821e-01  3.286030e-01  5.576855e-01 -1.359569e-01  1.682513e-01  6.930063e-02  2.590215e-01
-6.070810e-02 -7.188113e-02 -3.737065e-02  1.330824e-01 -9.627993e-02 -8.828960e-02 -1.449758e-01  3.894113e-01  1.000000e+00  4.579829e-01 -3.815695e-01 -3.289908e-01 -4.204338e-01 -1.765920e-01 -1.725030e-01 -2.911070e-01 -2.536804e-02 -2.079666e-01 -1.705582e-01  1.925880e-01  5.471039e-01  4.012560e-02  6.142499e-01  5.861814e-01  3.116115e-02  4.995429e-01 -1.742300e-01 -2.962758e-01  2.973713e-01  1.271692e-01  4.200130e-01  2.849816e-01  3.694304e-01  1.736929e-01  1.686464e-01  5.652537e-02  3.850630e-01 -6.470296e-02  3.121580e-01 -1.319720e-01  1.470044e-01 -3.541901e-02
 5.120760e-01  1.907514e-01  3.424310e-01  5.349471e-01  2.779968e-01  2.753486e-01  2.491837e-01  5.776855e-01  4.579829e-01  1.000000e+00 -2.006742e-01 -1.194854e-02 -1.142817e-01  5.171954e-02 -6.891012e-02 -2.046726e-01 -4.590001e-01 -3.889969e-01 -5.093982e-01  6.592577e-01  5.678780e-01 -2.119877e-01  1.812778e-01  5.939163e-01 -3.917450e-01  5.547447e-02 -5.529131e-01 -2.471829e-01  8.134456e-03 -9.800265e-02  4.836631e-01  3.864988e-02  5.847973e-01  6.074486e-01 -2.645942e-01 -1.078262e-01  3.301709e-01  4.817050e-01 -2.256871e-01 -1.262284e-01  5.412490e-01  5.906384e-01
 5.058711e-01  4.826105e-01  3.558287e-01  2.044337e-01  4.356515e-01  6.011654e-01  4.976574e-01 -3.311161e-01 -3.815695e-01 -2.006742e-01  1.000000e+00  7.789752e-01  8.298730e-01  2.978754e-01  4.805146e-01  6.123654e-01 -5.155638e-01 -1.538454e-01 -4.322356e-01 -4.093012e-02 -2.727059e-01 -2.058443e-01  1.967525e-02 -1.838420e-01  3.555344e-01 -1.597796e-01  5.812119e-01  5.396674e-01  5.867152e-02  2.398205e-01  3.407392e-02  1.904788e-01 -1.571154e-01  1.387244e-01  1.665591e-01 -2.242940e-01 -3.676700e-01 -1.779303e-01 -2.156866e-01 -1.129763e-01 -1.123491e-01 -7.750742e-02
 5.996969e-01  5.122534e-01  3.920170e-01  1.807462e-01  3.960929e-01  5.949958e-01  4.750484e-01 -2.197494e-01 -3.289908e-01 -1.194854e-02  7.789752e-01  1.000000e+00  8.899362e-01  1.974854e-01  4.233002e-01  4.605406e-01 -5.065846e-01 -7.236608e-02 -4.974715e-01  3.707186e-02 -1.627821e-01 -3.720735e-01  1.074381e-01 -1.432445e-01  3.004749e-01 -1.622318e-01  3.963890e-01  3.900325e-01  1.169291e-02  1.022615e-01  9.702964e-02  3.124246e-01 -5.311237e-02  2.393235e-01  6.509013e-02 -2.915616e-01 -3.188777e-01 -9.430786e-02 -4.611513e-01  1.200637e-01 -1.010319e-01 -1.842356e-03
 5.323080e-01  4.245941e-01  3.502157e-01  2.971169e-04  3.067518e-01  4.955391e-01  3.952303e-01 -2.673912e-01 -4.204338e-01 -1.142817e-01  8.298730e-01  8.899362e-01  1.000000e+00  1.125080e-01  3.136788e-01  5.202166e-01 -4.759486e-01  1.267156e-03 -3.398061e-01  2.217346e-02 -1.510994e-01 -3.255768e-01 -5.045592e-02 -2.458287e-01  3.698117e-01 -1.893045e-01  5.338568e-01  4.806766e-01 -1.325064e-01  1.235980e-01  1.410339e-02  2.286984e-01 -1.938256e-01  2.098073e-01  2.983017e-02 -2.088163e-01 -3.281094e-01 -1.024625e-01 -3.428107e-01  6.446242e-02 -7.927979e-02  2.761779e-02
 2.039425e-01  1.094049e-01  4.389670e-01  4.710430e-01  4.637417e-01  3.529076e-01  4.357731e-01  1.768859e-02 -1.765920e-01  5.171954e-02  2.978754e-01  1.974854e-01  1.125080e-01  1.000000e+00  6.168464e-01  5.938641e-01 -2.022110e-01 -5.650342e-01 -4.182741e-01 -6.572730e-02 -3.841394e-01 -2.637149e-01 -2.041260e-01 -1.788147e-01  1.355662e-01 -4.345093e-01  2.389339e-01  6.099833e-01  5.000193e-01  4.040968e-01 -6.876657e-02 -9.682673e-02  2.225663e-01 -1.218842e-01 -2.848192e-01 -3.999145e-01 -4.572361e-01 -1.443901e-01 -3.676117e-01 -3.951246e-01  1.208361e-01  2.966493e-01
 1.619832e-01  2.483602e-02  3.059231e-01  2.975123e-01  1.706762e-01  1.835550e-01  2.189824e-01 -3.301112e-01 -1.725030e-01 -6.891012e-02  4.805146e-01  4.233002e-01  3.136788e-01  6.168464e-01  1.000000e+00  7.860038e-01 -4.220651e-01 -6.716552e-01 -6.434349e-01 -2.724343e-01 -5.219057e-01 -3.033584e-01 -3.373704e-02 -1.561305e-01  3.830762e-01 -4.056010e-01  4.057632e-01  6.846853e-01  6.941236e-01  6.314469e-01  2.252006e-01  7.966319e-02  3.713692e-01  4.707365e-02  1.653215e-02 -5.063383e-01 -5.300737e-01 -2.653678e-01 -4.053060e-01 -4.523146e-01  1.620704e-01  1.609078e-01
 1.247329e-01 -1.103365e-01  1.597396e-01  3.379996e-02  5.124013e-02  9.023205e-02  9.624301e-02 -4.566082e-01 -2.911070e-01 -2.046726e-01  6.123654e-01  4.605406e-01  5.202166e-01  5.938641e-01  7.860038e-01  1.000000e+00 -3.123747e-01 -5.659206e-01 -4.085110e-01 -3.758743e-01 -6.518810e-01 -4.102107e-01 -1.367185e-01 -2.459434e-01  5.402664e-01 -4.522194e-01  7.084485e-01  9.462503e-01  5.129972e-01  6.679317e-01  2.125457e-02 -4.081461e-02  9.423123e-02 -1.453124e-01 -1.875193e-01 -5.267246e-01 -6.792659e-01 -4.461274e-01 -3.040946e-01 -4.130874e-01  7.439933e-02  1.517484e-01
-6.666162e-01 -5.387221e-01 -5.040561e-01 -5.529489e-01 -4.630236e-01 -6.032850e-01 -5.262347e-01 -1.206804e-01 -2.536804e-02 -4.590001e-01 -5.155638e-01 -5.065846e-01 -4.759486e-01 -2.022110e-01 -4.220651e-01 -3.123747e-01  1.000000e+00  4.858376e-01  8.277655e-01 -5.129189e-01 -2.285460e-01 -9.810352e-02 -6.392480e-02 -2.197258e-01 -4.899360e-02 -1.349651e-01 -1.389493e-01 -2.253057e-01 -1.517724e-01 -9.540592e-02 -5.200967e-01 -2.481567e-01 -4.148229e-01 -7.223704e-01 -2.804691e-01 -1.111920e-02 -1.341583e-01 -3.807954e-01  1.869905e-01  3.325633e-01 -3.508194e-01 -1.994313e-01
-1.898702e-01  1.378347e-01 -2.271243e-01 -5.340203e-01 -1.258782e-01 -1.106439e-01 -8.454726e-02 -4.415789e-02 -2.079666e-01 -3.889969e-01 -1.538454e-01 -7.236608e-02  1.267156e-03 -5.650342e-01 -6.716552e-01 -5.659206e-01  4.858376e-01  1.000000e+00  6.889906e-01  3.752842e-02  2.038534e-01  1.849273e-01 -2.170256e-02 -1.264964e-01 -1.399880e-01  1.932800e-01 -1.700854e-01 -5.031319e-01 -6.486738e-01 -5.864321e-01 -4.040551e-01  9.630516e-02 -7.262199e-01 -2.120206e-01  8.784799e-02  4.760208e-01  1.916657e-01  7.431380e-02  2.231386e-01  6.811565e-01 -5.057329e-01 -3.737454e-01
-5.818916e-01 -4.242862e-01 -4.830173e-01 -6.809511e-01 -4.092933e-01 -5.225808e-01 -4.485246e-01 -1.052880e-01 -1.705582e-01 -5.093982e-01 -4.322356e-01 -4.974715e-01 -3.398061e-01 -4.182741e-01 -6.434349e-01 -4.085110e-01  8.277655e-01  6.889906e-01  1.000000e+00 -2.800027e-01 -7.633987e-02  1.490586e-01 -1.854752e-01 -2.604381e-01 -1.219844e-01  1.809299e-02 -7.247850e-02 -2.885772e-01 -5.061250e-01 -3.603771e-01 -6.555497e-01 -1.628079e-01 -6.624214e-01 -6.268208e-01 -1.364346e-01  3.677066e-01  4.522032e-02 -1.644653e-01  4.429407e-01  4.455124e-01 -4.723384e-01 -2.670901e-01
 6.347383e-01  4.771501e-01  5.502704e-01  4.417410e-01  5.900504e-01  4.544655e-01  5.695701e-01  6.630677e-01  1.925880e-01  6.592577e-01 -4.093012e-02  3.707186e-02  2.217346e-02 -6.572730e-02 -2.724343e-01 -3.758743e-01 -5.129189e-01  3.752842e-02 -2.800027e-01  1.000000e+00  7.210564e-01  1.080114e-01 -4.322300e-02  3.822220e-01 -5.603307e-01  1.724936e-01 -5.119577e-01 -3.484733e-01 -3.718831e-01 -4.000386e-01  2.869000e-01  2.759246e-01  1.868726e-01  6.840648e-01 -1.214346e-02  3.975507e-01  4.353071e-01  7.715829e-01 -2.132637e-02  1.207552e-01  1.926941e-01  3.999980e-01
 2.769924e-01  3.311738e-01  2.547944e-01  1.998241e-01  2.347143e-01  2.113812e-01  2.403406e-01  6.929884e-01  5.471039e-01  5.678780e-01 -2.727059e-01 -1.627821e-01 -1.510994e-01 -3.841394e-01 -5.219057e-01 -6.518810e-01 -2.285460e-01  2.038534e-01 -7.633987e-02  7.210564e-01  1.000000e+00  2.400448e-01  3.084323e-01  4.323492e-01 -3.556972e-01  5.069216e-01 -4.978776e-01 -6.070739e-01 -3.674586e-01 -3.925287e-01  3.152351e-01  3.060787e-01  1.624443e-01  5.440127e-01  2.301501e-01  4.658373e-01  7.157139e-01  4.857605e-01  2.279088e-01  1.340914e-01  1.568228e-01  7.958842e-02
-2.780385e-01  6.029723e-02 -1.932665e-01 -5.233981e-02 -1.104700e-01 -4.045809e-02 -1.280031e-01  1.349656e-02  4.012560e-02 -2.119877e-01 -2.058443e-01 -3.720735e-01 -3.255768e-01 -2.637149e-01 -3.033584e-01 -4.102107e-01 -9.810352e-02  1.849273e-01  1.490586e-01  1.080114e-01  2.400448e-01  1.000000e+00 -1.229360e-01 -7.894985e-02 -8.853004e-02  5.169244e-01 -1.898634e-02 -3.742913e-01 -1.211569e-01 -2.614131e-01 -7.699792e-02 -1.733367e-01 -5.103214e-03  8.875431e-02  5.392348e-01  6.155978e-01  5.974398e-01  2.956427e-01  5.256297e-01 -2.515337e-01  8.843192e-02 -3.407287e-01
 3.817670e-02  2.073106e-01 -9.461464e-02  6.637161e-02 -8.408522e-02  1.179603e-01 -2.707347e-02 -3.877774e-02  6.142499e-01  1.812778e-01  1.967525e-02  1.074381e-01 -5.045592e-02 -2.041260e-01 -3.373704e-02 -1.367185e-01 -6.392480e-02 -2.170256e-02 -1.854752e-01 -4.322300e-02  3.084323e-01 -1.229360e-01  1.000000e+00  6.153603e-01  2.766500e-01  5.532988e-01  2.499608e-03 -1.744554e-01  2.631824e-01  1.161997e-01  3.165835e-01  4.621864e-01  5.861719e-02  3.984289e-02  3.312922e-01 -1.372060e-01  1.714634e-01 -3.554219e-01  2.894867e-01  9.891759e-02 -2.153181e-01 -3.175576e-01
 2.017283e-01  1.345422e-01  6.943405e-02  1.758754e-01  2.397289e-02  5.955253e-02 -2.064646e-02  1.765016e-01  5.861814e-01  5.939163e-01 -1.838420e-01 -1.432445e-01 -2.458287e-01 -1.788147e-01 -1.561305e-01 -2.459434e-01 -2.197258e-01 -1.264964e-01 -2.604381e-01  3.822220e-01  4.323492e-01 -7.894985e-02  6.153603e-01  1.000000e+00 -2.855820e-02  4.882462e-01 -3.420335e-01 -3.081545e-01  1.878234e-01  5.161399e-02  3.948825e-01  3.336854e-01  2.119109e-01  2.417450e-01  7.443820e-02 -7.564807e-03  3.052127e-01  3.205655e-02  2.913193e-01 -1.062571e-02  1.276856e-01  1.238277e-01
-1.866527e-01 -1.703759e-01 -7.595241e-02 -3.459346e-01 -3.113954e-01 -1.263448e-01 -2.517588e-01 -5.487530e-01  3.116115e-02 -3.917450e-01  3.555344e-01  3.004749e-01  3.698117e-01  1.355662e-01  3.830762e-01  5.402664e-01 -4.899360e-02 -1.399880e-01 -1.219844e-01 -5.603307e-01 -3.556972e-01 -8.853004e-02  2.766500e-01 -2.855820e-02  1.000000e+00  1.171623e-01  7.935584e-01  5.458098e-01  4.747697e-01  5.659759e-01 -4.955489e-02  1.802731e-01 -2.096060e-01 -3.726578e-01  1.115728e-01 -3.158365e-01 -3.577734e-01 -7.235178e-01  1.587036e-01 -2.583333e-01 -1.174675e-01 -2.791750e-01
-5.682373e-02  2.858440e-01 -9.511348e-02 -2.050858e-02 -1.186185e-01  5.771302e-02 -1.807342e-01  6.700133e-02  4.995429e-01  5.547447e-02 -1.597796e-01 -1.622318e-01 -1.893045e-01 -4.345093e-01 -4.056010e-01 -4.522194e-01 -1.349651e-01  1.932800e-01  1.809299e-02  1.724936e-01  5.069216e-01  5.169244e-01  5.532988e-01  4.882462e-01  1.171623e-01  1.000000e+00 -1.205957e-02 -4.546382e-01 -2.454264e-02 -2.731145e-01  2.191931e-01  2.700839e-01 -8.884439e-02  1.819047e-01  6.280201e-01  4.719277e-01  7.065787e-01 -7.064408e-02  6.029346e-01  5.300765e-02 -1.351727e-01 -5.510864e-01
-7.276992e-02 -8.841336e-02 -1.618159e-02 -2.600852e-01 -1.062555e-01  3.998948e-02 -7.503026e-02 -5.603365e-01 -1.742300e-01 -5.529131e-01  5.812119e-01  3.963890e-01  5.338568e-01  2.389339e-01  4.057632e-01  7.084485e-01 -1.389493e-01 -1.700854e-01 -7.247850e-02 -5.119577e-01 -4.978776e-01 -1.898634e-02  2.499608e-03 -3.420335e-01  7.935584e-01 -1.205957e-02  1.000000e+00  7.241824e-01  2.907318e-01  4.920568e-01 -2.103769e-01  8.613393e-02 -2.641145e-01 -3.438514e-01  1.819187e-01 -1.805142e-01 -4.212685e-01 -6.059674e-01  1.432016e-01 -2.783011e-01 -2.147328e-01 -3.309914e-01
 1.145725e-01 -1.779936e-01  1.917597e-01 -2.610629e-02  8.157787e-02  5.136110e-02  1.026360e-01 -4.208883e-01 -2.962758e-01 -2.471829e-01  5.396674e-01  3.900325e-01  4.806766e-01  6.099833e-01  6.846853e-01  9.462503e-01 -2.253057e-01 -5.031319e-01 -2.885772e-01 -3.484733e-01 -6.070739e-01 -3.742913e-01 -1.744554e-01 -3.081545e-01  5.458098e-01 -4.546382e-01  7.241824e-01  1.000000e+00  4.651534e-01  6.805424e-01 -5.484728e-02 -5.823402e-02  2.887926e-02 -2.168997e-01 -2.649051e-01 -4.777282e-01 -6.782509e-01 -4.444940e-01 -2.289066e-01 -3.982347e-01  3.870059e-02  1.810710e-01
-1.463725e-01 -1.944548e-01  1.128590e-02  1.878805e-01 -1.132396e-01 -1.196166e-01 -1.456783e-01 -2.834887e-01  2.973713e-01  8.134456e-03  5.867152e-02  1.169291e-02 -1.325064e-01  5.000193e-01  6.941236e-01  5.129972e-01 -1.517724e-01 -6.486738e-01 -5.061250e-01 -3.718831e-01 -3.674586e-01 -1.211569e-01  2.631824e-01  1.878234e-01  4.747697e-01 -2.454264e-02  2.907318e-01  4.651534e-01  1.000000e+00  7.190179e-01  3.488238e-01 -6.131715e-03  4.863808e-01 -9.177081e-02  5.462295e-02 -4.322020e-01 -2.816559e-01 -4.653293e-01 -8.322990e-02 -6.072785e-01  2.541074e-01  2.276174e-02
-1.046972e-01 -3.888328e-01  4.552389e-02 -4.727559e-02 -1.458299e-01 -1.993674e-01 -1.571459e-01 -3.729209e-01  1.271692e-01 -9.800265e-02  2.398205e-01  1.022615e-01  1.235980e-01  4.040968e-01  6.314469e-01  6.679317e-01 -9.540592e-02 -5.864321e-01 -3.603771e-01 -4.000386e-01 -3.925287e-01 -2.614131e-01  1.161997e-01  5.161399e-02  5.659759e-01 -2.731145e-01  4.920568e-01  6.805424e-01  7.190179e-01  1.000000e+00  1.671197e-01  1.819716e-03  3.690063e-01 -2.020034e-01 -9.783300e-02 -5.263278e-01 -4.820667e-01 -4.974362e-01 -5.663587e-02 -6.106583e-01  2.773265e-01  1.939651e-01
 2.766051e-01  2.597309e-01  8.135560e-02  4.161399e-01  7.338487e-02  1.323051e-01  1.341341e-01  2.407748e-01  4.200130e-01  4.836631e-01  3.407392e-02  9.702964e-02  1.410339e-02 -6.876657e-02  2.252006e-01  2.125457e-02 -5.200967e-01 -4.040551e-01 -6.555497e-01  2.869000e-01  3.152351e-01 -7.699792e-02  3.165835e-01  3.948825e-01 -4.955489e-02  2.191931e-01 -2.103769e-01 -5.484728e-02  3.488238e-01  1.671197e-01  1.000000e+00  1.777360e-01  5.979209e-01  7.592921e-01  1.809380e-01 -2.409312e-01  1.673061e-01  2.182004e-01 -2.780208e-01 -1.450001e-01  3.919659e-01  8.724965e-02
 2.934081e-01  3.993983e-01  3.386049e-01  1.126136e-01  3.425772e-01  3.045552e-01  4.332615e-01  2.012427e-01  2.849816e-01  3.864988e-02  1.904788e-01  3.124246e-01  2.286984e-01 -9.682673e-02  7.966319e-02 -4.081461e-02 -2.481567e-01  9.630516e-02 -1.628079e-01  2.759246e-01  3.060787e-01 -1.733367e-01  4.621864e-01  3.336854e-01  1.802731e-01  2.700839e-01  8.613393e-02 -5.823402e-02 -6.131715e-03  1.819716e-03  1.777360e-01  1.000000e+00 -1.834838e-01  1.509369e-01  3.612579e-01  1.182391e-01 -9.732456e-02 -2.947459e-02  1.556521e-01  3.064370e-01 -5.271594e-01 -2.003283e-01
 1.754205e-01 -7.239033e-02  1.399052e-01  5.270064e-01  8.445375e-02  6.571234e-02  3.594775e-02  2.110259e-01  3.694304e-01  5.847973e-01 -1.571154e-01 -5.311237e-02 -1.938256e-01  2.225663e-01  3.713692e-01  9.423123e-02 -4.148229e-01 -7.262199e-01 -6.624214e-01  1.868726e-01  1.624443e-01 -5.103214e-03  5.861719e-02  2.119109e-01 -2.096060e-01 -8.884439e-02 -2.641145e-01  2.887926e-02  4.863808e-01  3.690063e-01  5.979209e-01 -1.834838e-01  1.000000e+00  5.082916e-01  5.477748e-04 -2.735992e-01  1.636434e-01  2.722417e-01 -2.836318e-01 -6.003049e-01  7.668536e-01  4.510329e-01
 5.874217e-01  5.196672e-01  3.783674e-01  5.354499e-01  3.828341e-01  4.316700e-01  4.276208e-01  4.503963e-01  1.736929e-01  6.074486e-01  1.387244e-01  2.393235e-01  2.098073e-01 -1.218842e-01  4.707365e-02 -1.453124e-01 -7.223704e-01 -2.120206e-01 -6.268208e-01  6.840648e-01  5.440127e-01  8.875431e-02  3.984289e-02  2.417450e-01 -3.726578e-01  1.819047e-01 -3.438514e-01 -2.168997e-01 -9.177081e-02 -2.020034e-01  7.592921e-01  1.509369e-01  5.082916e-01  1.000000e+00  2.056300e-01  8.409010e-02  3.691426e-01  6.502129e-01 -3.026747e-01 -4.926001e-02  4.306425e-01  2.415165e-01
-9.743387e-02  3.642246e-01 -3.205371e-02  6.990711e-02  6.144429e-02  1.820475e-01  8.118845e-02 -1.044556e-01  1.686464e-01 -2.645942e-01  1.665591e-01  6.509013e-02  2.983017e-02 -2.848192e-01  1.653215e-02 -1.875193e-01 -2.804691e-01  8.784799e-02 -1.364346e-01 -1.214346e-02  2.301501e-01  5.392348e-01  3.312922e-01  7.443820e-02  1.115728e-01  6.280201e-01  1.819187e-01 -2.649051e-01  5.462295e-02 -9.783300e-02  1.809380e-01  3.612579e-01  5.477748e-04  2.056300e-01  1.000000e+00  5.044198e-01  4.263255e-01 -1.088957e-02  4.314656e-01 -2.755850e-02 -2.380914e-01 -7.155411e-01
-1.077821e-01  1.892655e-01  1.241674e-02 -1.916548e-01  8.874900e-02 -2.929939e-05  2.851485e-02  1.770821e-01  5.652537e-02 -1.078262e-01 -2.242940e-01 -2.915616e-01 -2.088163e-01 -3.999145e-01 -5.063383e-01 -5.267246e-01 -1.111920e-02  4.760208e-01  3.677066e-01  3.975507e-01  4.658373e-01  6.155978e-01 -1.372060e-01 -7.564807e-03 -3.158365e-01  4.719277e-01 -1.805142e-01 -4.777282e-01 -4.322020e-01 -5.263278e-01 -2.409312e-01  1.182391e-01 -2.735992e-01  8.409010e-02  5.044198e-01  1.000000e+00  6.650768e-01  3.543641e-01  5.681310e-01  1.499868e-01 -1.873512e-01 -3.341262e-01
-4.793487e-03  2.486916e-01 -2.614707e-02  7.494740e-02 -4.085710e-02  7.056864e-02 -1.153089e-01  3.286030e-01  3.850630e-01  3.301709e-01 -3.676700e-01 -3.188777e-01 -3.281094e-01 -4.572361e-01 -5.300737e-01 -6.792659e-01 -1.341583e-01  1.916657e-01  4.522032e-02  4.353071e-01  7.157139e-01  5.974398e-01  1.714634e-01  3.052127e-01 -3.577734e-01  7.065787e-01 -4.212685e-01 -6.782509e-01 -2.816559e-01 -4.820667e-01  1.673061e-01 -9.732456e-02  1.636434e-01  3.691426e-01  4.263255e-01  6.650768e-01  1.000000e+00  3.523189e-01  4.059769e-01 -1.991087e-02  2.407751e-01 -2.016441e-01
 4.047940e-01  2.848717e-01  2.920984e-01  3.833729e-01  4.341917e-01  2.966157e-01  4.340210e-01  5.576855e-01 -6.470296e-02  4.817050e-01 -1.779303e-01 -9.430786e-02 -1.024625e-01 -1.443901e-01 -2.653678e-01 -4.461274e-01 -3.807954e-01  7.431380e-02 -1.644653e-01  7.715829e-01  4.857605e-01  2.956427e-01 -3.554219e-01  3.205655e-02 -7.235178e-01 -7.064408e-02 -6.059674e-01 -4.444940e-01 -4.653293e-01 -4.974362e-01  2.182004e-01 -2.947459e-02  2.722417e-01  6.502129e-01 -1.088957e-02  3.543641e-01  3.523189e-01  1.000000e+00 -1.546318e-01  1.392285e-01  2.946542e-01  4.216910e-01
-3.663748e-01 -1.906503e-01 -2.449761e-01 -3.516885e-01 -2.401588e-01 -2.638252e-01 -3.041925e-01 -1.359569e-01  3.121580e-01 -2.256871e-01 -2.156866e-01 -4.611513e-01 -3.428107e-01 -3.676117e-01 -4.053060e-01 -3.040946e-01  1.869905e-01  2.231386e-01  4.429407e-01 -2.132637e-02  2.279088e-01  5.256297e-01  2.894867e-01  2.913193e-01  1.587036e-01  6.029346e-01  1.432016e-01 -2.289066e-01 -8.322990e-02 -5.663587e-02 -2.780208e-01  1.556521e-01 -2.836318e-01 -3.026747e-01  4.314656e-01  5.681310e-01  4.059769e-01 -1.546318e-01  1.000000e+00 -1.071623e-01 -2.207182e-01 -3.470880e-01
 6.006657e-02  2.141518e-01 -8.976578e-02 -2.476583e-01  5.791433e-02  3.332215e-02  9.373801e-02  1.682513e-01 -1.319720e-01 -1.262284e-01 -1.129763e-01  1.200637e-01  6.446242e-02 -3.951246e-01 -4.523146e-01 -4.130874e-01  3.325633e-01  6.811565e-01  4.455124e-01  1.207552e-01  1.340914e-01 -2.515337e-01  9.891759e-02 -1.062571e-02 -2.583333e-01  5.300765e-02 -2.783011e-01 -3.982347e-01 -6.072785e-01 -6.106583e-01 -1.450001e-01  3.064370e-01 -6.003049e-01 -4.926001e-02 -2.755850e-02  1.499868e-01 -1.991087e-02  1.392285e-01 -1.071623e-01  1.000000e+00 -6.422016e-01 -2.895639e-01
 1.261568e-01 -1.682741e-01  7.802855e-02  2.556905e-01 -9.032986e-02 -3.853599e-02 -1.392783e-01  6.930063e-02  1.470044e-01  5.412490e-01 -1.123491e-01 -1.010319e-01 -7.927979e-02  1.208361e-01  1.620704e-01  7.439933e-02 -3.508194e-01 -5.057329e-01 -4.723384e-01  1.926941e-01  1.568228e-01  8.843192e-02 -2.153181e-01  1.276856e-01 -1.174675e-01 -1.351727e-01 -2.147328e-01  3.870059e-02  2.541074e-01  2.773265e-01  3.919659e-01 -5.271594e-01  7.668536e-01  4.306425e-01 -2.380914e-01 -1.873512e-01  2.407751e-01  2.946542e-01 -2.207182e-01 -6.422016e-01  1.000000e+00  5.958846e-01
 3.617799e-01 -1.986951e-01  3.322573e-01  2.127487e-01  2.145777e-01  4.168202e-02  1.878861e-01  2.590215e-01 -3.541901e-02  5.906384e-01 -7.750742e-02 -1.842356e-03  2.761779e-02  2.966493e-01  1.609078e-01  1.517484e-01 -1.994313e-01 -3.737454e-01 -2.670901e-01  3.999980e-01  7.958842e-02 -3.407287e-01 -3.175576e-01  1.238277e-01 -2.791750e-01 -5.510864e-01 -3.309914e-01  1.810710e-01  2.276174e-02  1.939651e-01  8.724965e-02 -2.003283e-01  4.510329e-01  2.415165e-01 -7.155411e-01 -3.341262e-01 -2.016441e-01  4.216910e-01 -3.470880e-01 -2.895639e-01  5.958846e-01  1.000000e+00
