 1.0000000000  0.1392723760  0.7987246682  0.2255254851  0.5089293388  0.7961793001  0.8225302229  0.1061450419  0.2882131030  0.1919774457  0.4988176728  0.6974439515  0.2627155975  0.4325776666  0.3481596430  0.5968195891 -0.4364917616 -0.0112158139 -0.5027050311  0.2436235950  0.1186570572 -0.0921867660  0.5762586321  0.3026421078  0.5625138121  0.4329336988  0.5466213091  0.3755504247  0.4000033132  0.4144151485  0.4130177188  0.0593345521 -0.2232259756 -0.0265697740 -0.0738803169  0.2249743727 -0.2203111326  0.3657727243  0.1797915872  0.2975324694 -0.0713099061 -0.0681570408
 0.1392723760  1.0000000000  0.0506657809  0.1525385341  0.5138246597  0.1442617089  0.1765313600 -0.0600167379 -0.3060121339 -0.3093928241  0.2186162843  0.1362638253  0.5104403180  0.0158909442 -0.3653631822 -0.2330646301 -0.0884177739  0.2291815408  0.1703877364 -0.3543121623  0.4507653512 -0.1504010896  0.0103737752 -0.0275647407  0.2988166779 -0.3214242488  0.2383839290 -0.2875498219 -0.2571052820 -0.4143290408 -0.1428381851 -0.3554233969 -0.3706531093 -0.3012412358 -0.2216067756 -0.2102524259  0.2269101383 -0.0963666452 -0.0956268867 -0.2337725085 -0.3232016006 -0.0755719121
 0.7987246682  0.0506657809  1.0000000000  0.2929297922  0.4816903274  0.7088074289  0.7574862900  0.0580825492  0.0904296365  0.2013856674  0.5162057150  0.6292523643  0.2398328796  0.4286636581  0.3809660787  0.5092407769 -0.3464263430  0.1671853932 -0.3603382179  0.0783243818  0.3569760187 -0.1682175132  0.4001005039  0.3770449942  0.4366612305  0.4885937784  0.3814372326  0.3570327801  0.3939426935  0.3746217124  0.3954731184  0.2930687683 -0.3496247099  0.0932570868 -0.2004842290  0.0880433417 -0.1218984226  0.2851105685  0.2329920794  0.2812526757 -0.0173454672 -0.0716769539
 0.2255254851  0.1525385341  0.2929297922  1.0000000000  0.6873313507  0.3016501703  0.4145460591  0.1113145410 -0.3136146166 -0.2819511277  0.2974984989  0.1625228259  0.5704762505  0.2810729357 -0.1202680498  0.1399562466 -0.2609192211 -0.0254732080  0.1001088864 -0.1004501095  0.3883880614  0.0694124224  0.0069212557  0.2612631689  0.5015357491  0.0732797664  0.5355681425  0.0093222751 -0.4280084293 -0.2246440688 -0.1421871757  0.0182757192 -0.1333485342 -0.1035156656  0.1133515263  0.2201347848 -0.0795478140  0.4566023220  0.2988713553  0.1274653519  0.0076010639  0.3992415282
 0.5089293388  0.5138246597  0.4816903274  0.6873313507  1.0000000000  0.4747304295  0.7099170047  0.2859849548 -0.0968722238 -0.2458033101  0.6199362512  0.4708244659  0.8203663298  0.4520762372 -0.1023623127  0.1824653057 -0.2627034926 -0.0170561506  0.0704328618 -0.0555498333  0.5513910386 -0.2737427192  0.2583622693  0.2326049168  0.7250611826  0.0116003645  0.6326155383 -0.1352890657 -0.2838957795 -0.2459831641 -0.0716902368 -0.1323300004 -0.4394842682 -0.3533500034 -0.2169746374 -0.0830181447  0.1488753369  0.1848212760  0.1598119190 -0.1471473605 -0.2659794901  0.0928518586
 0.7961793001  0.1442617089  0.7088074289  0.3016501703  0.4747304295  1.0000000000  0.7239989481 -0.0101360739  0.1439330266  0.0114583374  0.3219144542  0.5078722883  0.2116836826  0.3123875924  0.1661217430  0.5290448167 -0.4380732217  0.1952149216 -0.3366941892  0.0372470937  0.2280140665 -0.1610748213  0.4166802035  0.1542906029  0.4728075250  0.2772753519  0.6828534506  0.4140547043  0.2400004772  0.2368498813  0.1959138078  0.0081674290 -0.4258598191 -0.2245668781 -0.1827508880  0.1250608015 -0.1872305091  0.4593091996  0.4143878960  0.2003438797  0.0409767872 -0.0587428910
 0.8225302229  0.1765313600  0.7574862900  0.4145460591  0.7099170047  0.7239989481  1.0000000000  0.2022443050  0.2413099941  0.1373418397  0.6323902338  0.7120352280  0.5288180256  0.5290946289  0.3341967675  0.5664632100 -0.4784741407  0.0061111564 -0.4038778752  0.2766999339  0.2613668784 -0.0279609339  0.5883892882  0.4185862822  0.7066000197  0.4368259220  0.5647697018  0.2743214189  0.2298975706  0.2843470940  0.2144307186  0.1259540924 -0.2351228359 -0.1365913897 -0.1407794947  0.1935411123 -0.0766156386  0.2762831183  0.2752219455  0.0531495776 -0.2060568127  0.0084728239
 0.1061450419 -0.0600167379  0.0580825492  0.1113145410  0.2859849548 -0.0101360739  0.2022443050  1.0000000000  0.3229319976  0.0585510081  0.4196159466  0.2938712002  0.3735414029  0.5040167339  0.0443048361  0.1238468476  0.0987245007 -0.7235983256  0.1028462404  0.6135515832  0.2518810569 -0.2698593097  0.3396522111 -0.0153381477  0.2723141045 -0.0516475870 -0.1092385499 -0.2580227291 -0.2049624264 -0.0390379029 -0.1014620902 -0.0720456573 -0.0002579033 -0.1522150675 -0.1392385537 -0.1211628871  0.0436358266 -0.0528265202 -0.0586033509 -0.3574944848 -0.1924734867 -0.1842284093
 0.2882131030 -0.3060121339  0.0904296365 -0.3136146166 -0.0968722238  0.1439330266  0.2413099941  0.3229319976  1.0000000000  0.6037430791  0.1086071458  0.3057697972 -0.0204215040  0.4055536472  0.3470617359  0.4673517758 -0.2844512102 -0.5534321705 -0.4852346962  0.6120537107 -0.3244113635 -0.0500039289  0.4874062898  0.1518021781  0.3251203343  0.2585413908  0.0854143232  0.2557011353  0.3027279593  0.3504571840 -0.0558840704 -0.1709806258  0.1930125366 -0.1991163482 -0.1658277170 -0.1030764038  0.1068945142 -0.1587222128  0.1009947857 -0.0581635953  0.1160810500 -0.3081051127
 0.1919774457 -0.3093928241  0.2013856674 -0.2819511277 -0.2458033101  0.0114583374  0.1373418397  0.0585510081  0.6037430791  1.0000000000 -0.0007453704  0.2029919513 -0.3415748490  0.2299364781  0.5476491538  0.5065293649 -0.3730325585 -0.4330810359 -0.5975285295  0.5800794772 -0.4695404651  0.2802671144  0.4712160496  0.5609121029  0.0873107642  0.6191422036 -0.1648025437  0.4751150411  0.5065063046  0.6336804957  0.2821355650  0.3150247700  0.3883218792  0.2153540449  0.1803894038  0.2493682626 -0.3891391648  0.0243255110 -0.0065704345  0.2114121779  0.1428218422 -0.0300805019
 0.4988176728  0.2186162843  0.5162057150  0.2974984989  0.6199362512  0.3219144542  0.6323902338  0.4196159466  0.1086071458 -0.0007453704  1.0000000000  0.6124317939  0.6261883739  0.4166983893  0.2588490155  0.3378042487 -0.0322253686 -0.0980502685  0.1047638011  0.1917617351  0.3079231298 -0.2954990347  0.3755219954  0.0594580653  0.5331225719  0.0396993934  0.2961539431 -0.0299148476  0.0068138445  0.0817318206 -0.0374427081 -0.1559394858 -0.3653397749 -0.2833181660 -0.3420249323 -0.1907265395  0.1360250678 -0.0893974646 -0.0781669588 -0.2123437955 -0.3662498664 -0.2719437296
 0.6974439515  0.1362638253  0.6292523643  0.1625228259  0.4708244659  0.5078722883  0.7120352280  0.2938712002  0.3057697972  0.2029919513  0.6124317939  1.0000000000  0.4498170584  0.6552352551  0.4087488069  0.5497800865 -0.1333384228 -0.2169894130 -0.2506320640  0.2736063919  0.1397597701 -0.0804251279  0.5661963317  0.3061142412  0.6574401504  0.4034590371  0.3435485396  0.3207884476  0.2949944351  0.3161747704  0.2141047854 -0.0095922907 -0.3115592245 -0.1569743920 -0.3229536072  0.1155634723 -0.1042645707  0.2252341563 -0.1326832579  0.0208634899 -0.2475059361 -0.3520509479
 0.2627155975  0.5104403180  0.2398328796  0.5704762505  0.8203663298  0.2116836826  0.5288180256  0.3735414029 -0.0204215040 -0.3415748490  0.6261883739  0.4498170584  1.0000000000  0.4363418930 -0.1987004637  0.0491796147 -0.0861610199 -0.0699872954  0.2228165146 -0.0761942974  0.5936822870 -0.2554410278  0.1970798680  0.0397562546  0.7331385083 -0.2179524660  0.4933290832 -0.2939222740 -0.4561736586 -0.3917813794 -0.3206554076 -0.3639814393 -0.3626809329 -0.4227722860 -0.2990915536 -0.2098026285  0.3761301289 -0.0078536873  0.0129015279 -0.2660169135 -0.3540881011 -0.0745764470
 0.4325776666  0.0158909442  0.4286636581  0.2810729357  0.4520762372  0.3123875924  0.5290946289  0.5040167339  0.4055536472  0.2299364781  0.4166983893  0.6552352551  0.4363418930  1.0000000000  0.3007875169  0.4260453181 -0.0990911156 -0.4975083949 -0.1805386736  0.4144724888  0.2082887469  0.0310992703  0.4917384729  0.3630304935  0.6451822796  0.3136518224  0.1693399209  0.1559640094  0.0268561538  0.1530797576  0.0309272565  0.0586348147 -0.0521699469 -0.0378081806 -0.1856640629  0.1037846950 -0.0389293651  0.2225710966  0.1101532581 -0.0374501594 -0.0688748663 -0.1354557782
 0.3481596430 -0.3653631822  0.3809660787 -0.1202680498 -0.1023623127  0.1661217430  0.3341967675  0.0443048361  0.3470617359  0.5476491538  0.2588490155  0.4087488069 -0.1987004637  0.3007875169  1.0000000000  0.7307256423 -0.1675574359 -0.2268025599 -0.4579687678  0.3818188660 -0.4515101093  0.1843087443  0.5026598193  0.3234907795  0.0871583340  0.5832780759 -0.0462640205  0.6629804074  0.7902386385  0.8338763632  0.4459233502  0.3917880941  0.1004820957  0.1184404381 -0.1087782698  0.1634790770 -0.3490069802  0.0413200545 -0.0916824433  0.1609242755  0.0502771815 -0.3589054063
 0.5968195891 -0.2330646301  0.5092407769  0.1399562466  0.1824653057  0.5290448167  0.5664632100  0.1238468476  0.4673517758  0.5065293649  0.3378042487  0.5497800865  0.0491796147  0.4260453181  0.7307256423  1.0000000000 -0.4264466952 -0.2732523490 -0.5390710545  0.3552617794 -0.2998771773  0.1397793591  0.6303895755  0.3541676240  0.4845928863  0.5986112738  0.4168596565  0.7609367473  0.5253130503  0.6866314471  0.2420089650  0.1234515354 -0.0420849337 -0.1194941488 -0.0488231143  0.2216386598 -0.4160540046  0.3532597298  0.1926571078  0.2577793632  0.0641062684 -0.1806300747
-0.4364917616 -0.0884177739 -0.3464263430 -0.2609192211 -0.2627034926 -0.4380732217 -0.4784741407  0.0987245007 -0.2844512102 -0.3730325585 -0.0322253686 -0.1333384228 -0.0861610199 -0.0990911156 -0.1675574359 -0.4264466952  1.0000000000  0.0453112352  0.7501258007 -0.2360042229 -0.0183989680 -0.2611263069 -0.2897457750 -0.4234465251 -0.2988479303 -0.3490393325 -0.3405585583 -0.3269864182 -0.2302655665 -0.2824500285 -0.1394813591 -0.1230562341 -0.2212320428 -0.0742340149 -0.2585397478 -0.2394405285  0.1242982003 -0.2043390211 -0.4497017998 -0.1144108372 -0.0618420287 -0.3746064349
-0.0112158139  0.2291815408  0.1671853932 -0.0254732080 -0.0170561506  0.1952149216  0.0061111564 -0.7235983256 -0.5534321705 -0.4330810359 -0.0980502685 -0.2169894130 -0.0699872954 -0.4975083949 -0.2268025599 -0.2732523490  0.0453112352  1.0000000000  0.1623025661 -0.7248005772  0.2587792231 -0.0752472847 -0.3673691704 -0.2162208722 -0.2633142405 -0.2134314704  0.1435608110 -0.0120101095  0.0490776642 -0.1447736153  0.0810364316  0.0776151935 -0.3505912766  0.0605882691 -0.0726175205 -0.0953020222  0.1576659730 -0.0028487250  0.1094791670  0.1299670463  0.0019255112  0.0970341816
-0.5027050311  0.1703877364 -0.3603382179  0.1001088864  0.0704328618 -0.3366941892 -0.4038778752  0.1028462404 -0.4852346962 -0.5975285295  0.1047638011 -0.2506320640  0.2228165146 -0.1805386736 -0.4579687678 -0.5390710545  0.7501258007  0.1623025661  1.0000000000 -0.4585675649  0.2236961682 -0.4492260633 -0.4973156167 -0.5562462796 -0.1756094049 -0.6473464748 -0.0779243827 -0.5172362307 -0.5731291454 -0.6067443063 -0.4377992966 -0.3202607245 -0.3921059736 -0.3583974765 -0.3133967273 -0.4548207985  0.2890967674 -0.2090148441 -0.3029664004 -0.4139504445 -0.1446267539 -0.1948576486
 0.2436235950 -0.3543121623  0.0783243818 -0.1004501095 -0.0555498333  0.0372470937  0.2766999339  0.6135515832  0.6120537107  0.5800794772  0.1917617351  0.2736063919 -0.0761942974  0.4144724888  0.3818188660  0.3552617794 -0.2360042229 -0.7248005772 -0.4585675649  1.0000000000 -0.3054016854  0.2692279785  0.5765663547  0.3991518175  0.2229782514  0.4407368803 -0.1435840602  0.1484708175  0.2123953822  0.4066992957  0.1907785735  0.2103286212  0.5043312585  0.1708200213  0.2602930249  0.3499334789 -0.3144936854  0.0262425757 -0.0179017082  0.0134456419 -0.0212945273  0.0184346763
 0.1186570572  0.4507653512  0.3569760187  0.3883880614  0.5513910386  0.2280140665  0.2613668784  0.2518810569 -0.3244113635 -0.4695404651  0.3079231298  0.1397597701  0.5936822870  0.2082887469 -0.4515101093 -0.2998771773 -0.0183989680  0.2587792231  0.2236961682 -0.3054016854  1.0000000000 -0.3982796612 -0.0930760185 -0.0455861181  0.2244580062 -0.3088426426  0.1370370646 -0.3832230604 -0.4257490590 -0.4664079554 -0.1370284839 -0.0601537488 -0.4759681316 -0.0341200689 -0.2764839413 -0.2690525692  0.4575225423 -0.0145325122  0.2366761688 -0.1193653054 -0.1414812076  0.0587771333
-0.0921867660 -0.1504010896 -0.1682175132  0.0694124224 -0.2737427192 -0.1610748213 -0.0279609339 -0.2698593097 -0.0500039289  0.2802671144 -0.2954990347 -0.0804251279 -0.2554410278  0.0310992703  0.1843087443  0.1397793591 -0.2611263069 -0.0752472847 -0.4492260633  0.2692279785 -0.3982796612  1.0000000000  0.1790235159  0.5358864820  0.0261184333  0.4934977200 -0.1550066952  0.2246372952  0.0887346759  0.2389781653  0.1610660212  0.2867618993  0.6771357648  0.5250417203  0.6733539253  0.7892196301 -0.5101268988  0.3314286128  0.0963472080  0.3895043022  0.0932828323  0.4799691557
 0.5762586321  0.0103737752  0.4001005039  0.0069212557  0.2583622693  0.4166802035  0.5883892882  0.3396522111  0.4874062898  0.4712160496  0.3755219954  0.5661963317  0.1970798680  0.4917384729  0.5026598193  0.6303895755 -0.2897457750 -0.3673691704 -0.4973156167  0.5765663547 -0.0930760185  0.1790235159  1.0000000000  0.5577800841  0.5629617234  0.5246383654  0.2686181402  0.4648987364  0.3807243372  0.5213194260  0.3852695576  0.2283131214  0.0438096602  0.0597554377  0.0513677582  0.3711850801 -0.3936684102  0.2560295943  0.0104432344  0.1938655308 -0.0987049508 -0.1770667359
 0.3026421078 -0.0275647407  0.3770449942  0.2612631689  0.2326049168  0.1542906029  0.4185862822 -0.0153381477  0.1518021781  0.5609121029  0.0594580653  0.3061142412  0.0397562546  0.3630304935  0.3234907795  0.3541676240 -0.4234465251 -0.2162208722 -0.5562462796  0.3991518175 -0.0455861181  0.5358864820  0.5577800841  1.0000000000  0.4437226429  0.7832718317  0.1273236928  0.3672150020  0.1951361219  0.3132409033  0.3155924985  0.4892514367  0.2521539246  0.3685334140  0.3125011988  0.6195571650 -0.4187264476  0.3250073871  0.1741053234  0.4087722423  0.0288606519  0.3054926758
 0.5625138121  0.2988166779  0.4366612305  0.5015357491  0.7250611826  0.4728075250  0.7066000197  0.2723141045  0.3251203343  0.0873107642  0.5331225719  0.6574401504  0.7331385083  0.6451822796  0.0871583340  0.4845928863 -0.2988479303 -0.2633142405 -0.1756094049  0.2229782514  0.2244580062  0.0261184333  0.5629617234  0.4437226429  1.0000000000  0.2747647791  0.6867325848  0.1461626170 -0.1813671782 -0.0694850110 -0.1852357778 -0.2666556117 -0.2185098138 -0.3708215256 -0.1649076512  0.1394658355  0.0171505628  0.2599446719  0.1482336513  0.0743583713 -0.1908894585 -0.0446354495
 0.4329336988 -0.3214242488  0.4885937784  0.0732797664  0.0116003645  0.2772753519  0.4368259220 -0.0516475870  0.2585413908  0.6191422036  0.0396993934  0.4034590371 -0.2179524660  0.3136518224  0.5832780759  0.5986112738 -0.3490393325 -0.2134314704 -0.6473464748  0.4407368803 -0.3088426426  0.4934977200  0.5246383654  0.7832718317  0.2747647791  1.0000000000  0.0789108872  0.5743991586  0.5245964149  0.5996752471  0.4514671670  0.5649779261  0.2549976893  0.3627066293  0.2409941722  0.5976989771 -0.5372872387  0.3740567136  0.1969947587  0.4832211797  0.0641359457  0.1421342921
 0.5466213091  0.2383839290  0.3814372326  0.5355681425  0.6326155383  0.6828534506  0.5647697018 -0.1092385499  0.0854143232 -0.1648025437  0.2961539431  0.3435485396  0.4933290832  0.1693399209 -0.0462640205  0.4168596565 -0.3405585583  0.1435608110 -0.0779243827 -0.1435840602  0.1370370646 -0.1550066952  0.2686181402  0.1273236928  0.6867325848  0.0789108872  1.0000000000  0.2657926451 -0.1508226356 -0.0917883433 -0.0913515818 -0.3275582906 -0.3758943199 -0.5098597056 -0.0938563159  0.0335822234 -0.0500432803  0.3989837366  0.2731810723  0.1906276276  0.0486789882  0.0443578072
 0.3755504247 -0.2875498219  0.3570327801  0.0093222751 -0.1352890657  0.4140547043  0.2743214189 -0.2580227291  0.2557011353  0.4751150411 -0.0299148476  0.3207884476 -0.2939222740  0.1559640094  0.6629804074  0.7609367473 -0.3269864182 -0.0120101095 -0.5172362307  0.1484708175 -0.3832230604  0.2246372952  0.4648987364  0.3672150020  0.1461626170  0.5743991586  0.2657926451  1.0000000000  0.6230433025  0.7373858055  0.4112872149  0.3145512131  0.0150233462  0.0851021762  0.0111590394  0.2891813440 -0.4831715457  0.3532995895  0.0945951249  0.4135223802  0.2480848700 -0.1746660822
 0.4000033132 -0.2571052820  0.3939426935 -0.4280084293 -0.2838957795  0.2400004772  0.2298975706 -0.2049624264  0.3027279593  0.5065063046  0.0068138445  0.2949944351 -0.4561736586  0.0268561538  0.7902386385  0.5253130503 -0.2302655665  0.0490776642 -0.5731291454  0.2123953822 -0.4257490590  0.0887346759  0.3807243372  0.1951361219 -0.1813671782  0.5245964149 -0.1508226356  0.6230433025  1.0000000000  0.8524051141  0.6808549884  0.4344366106  0.0548007544  0.2401575057 -0.0903007755  0.1114757708 -0.3007059877 -0.0149308641 -0.0817065246  0.1574801988  0.0718194183 -0.3565044457
 0.4144151485 -0.4143290408  0.3746217124 -0.2246440688 -0.2459831641  0.2368498813  0.2843470940 -0.0390379029  0.3504571840  0.6336804957  0.0817318206  0.3161747704 -0.3917813794  0.1530797576  0.8338763632  0.6866314471 -0.2824500285 -0.1447736153 -0.6067443063  0.4066992957 -0.4664079554  0.2389781653  0.5213194260  0.3132409033 -0.0694850110  0.5996752471 -0.0917883433  0.7373858055  0.8524051141  1.0000000000  0.7094115055  0.4847800320  0.2434685275  0.3535103259  0.1749381271  0.3271027490 -0.5611142303  0.2413689573 -0.0476309804  0.2766695176  0.1971936849 -0.1764025883
 0.4130177188 -0.1428381851  0.3954731184 -0.1421871757 -0.0716902368  0.1959138078  0.2144307186 -0.1014620902 -0.0558840704  0.2821355650 -0.0374427081  0.2141047854 -0.3206554076  0.0309272565  0.4459233502  0.2420089650 -0.1394813591  0.0810364316 -0.4377992966  0.1907785735 -0.1370284839  0.1610660212  0.3852695576  0.3155924985 -0.1852357778  0.4514671670 -0.0913515818  0.4112872149  0.6808549884  0.7094115055  1.0000000000  0.6219548805  0.1696429592  0.5901972655  0.3637423605  0.4139772850 -0.5674692898  0.3418412931 -0.1458916179  0.3545968026  0.1198354925  0.0469287812
 0.0593345521 -0.3554233969  0.2930687683  0.0182757192 -0.1323300004  0.0081674290  0.1259540924 -0.0720456573 -0.1709806258  0.3150247700 -0.1559394858 -0.0095922907 -0.3639814393  0.0586348147  0.3917880941  0.1234515354 -0.1230562341  0.0776151935 -0.3202607245  0.2103286212 -0.0601537488  0.2867618993  0.2283131214  0.4892514367 -0.2666556117  0.5649779261 -0.3275582906  0.3145512131  0.4344366106  0.4847800320  0.6219548805  1.0000000000  0.2601710940  0.6753275562  0.3355747569  0.4601050659 -0.4620040060  0.2193854179  0.1238387290  0.3197374728  0.0783971926  0.2941715728
-0.2232259756 -0.3706531093 -0.3496247099 -0.1333485342 -0.4394842682 -0.4258598191 -0.2351228359 -0.0002579033  0.1930125366  0.3883218792 -0.3653397749 -0.3115592245 -0.3626809329 -0.0521699469  0.1004820957 -0.0420849337 -0.2212320428 -0.3505912766 -0.3921059736  0.5043312585 -0.4759681316  0.6771357648  0.0438096602  0.2521539246 -0.2185098138  0.2549976893 -0.3758943199  0.0150233462  0.0548007544  0.2434685275  0.1696429592  0.2601710940  1.0000000000  0.5795938778  0.7467514733  0.4728230496 -0.3092360541 -0.0253717867 -0.0849295778  0.2336731912  0.1632242202  0.4594780350
-0.0265697740 -0.3012412358  0.0932570868 -0.1035156656 -0.3533500034 -0.2245668781 -0.1365913897 -0.1522150675 -0.1991163482  0.2153540449 -0.2833181660 -0.1569743920 -0.4227722860 -0.0378081806  0.1184404381 -0.1194941488 -0.0742340149  0.0605882691 -0.3583974765  0.1708200213 -0.0341200689  0.5250417203  0.0597554377  0.3685334140 -0.3708215256  0.3627066293 -0.5098597056  0.0851021762  0.2401575057  0.3535103259  0.5901972655  0.6753275562  0.5795938778  1.0000000000  0.6563496064  0.5699494771 -0.4252924281  0.2230603815 -0.0220954307  0.4877239129  0.1833789540  0.4752051530
-0.0738803169 -0.2216067756 -0.2004842290  0.1133515263 -0.2169746374 -0.1827508880 -0.1407794947 -0.1392385537 -0.1658277170  0.1803894038 -0.3420249323 -0.3229536072 -0.2990915536 -0.1856640629 -0.1087782698 -0.0488231143 -0.2585397478 -0.0726175205 -0.3133967273  0.2602930249 -0.2764839413  0.6733539253  0.0513677582  0.3125011988 -0.1649076512  0.2409941722 -0.0938563159  0.0111590394 -0.0903007755  0.1749381271  0.3637423605  0.3355747569  0.7467514733  0.6563496064  1.0000000000  0.7181788431 -0.6082400885  0.4336889576  0.0897425767  0.4367532009  0.1926995893  0.7669350141
 0.2249743727 -0.2102524259  0.0880433417  0.2201347848 -0.0830181447  0.1250608015  0.1935411123 -0.1211628871 -0.1030764038  0.2493682626 -0.1907265395  0.1155634723 -0.2098026285  0.1037846950  0.1634790770  0.2216386598 -0.2394405285 -0.0953020222 -0.4548207985  0.3499334789 -0.2690525692  0.7892196301  0.3711850801  0.6195571650  0.1394658355  0.5976989771  0.0335822234  0.2891813440  0.1114757708  0.3271027490  0.4139772850  0.4601050659  0.4728230496  0.5699494771  0.7181788431  1.0000000000 -0.7334764074  0.6627264179  0.1771243183  0.5652671438  0.0924043459  0.5676983117
-0.2203111326  0.2269101383 -0.1218984226 -0.0795478140  0.1488753369 -0.1872305091 -0.0766156386  0.0436358266  0.1068945142 -0.3891391648  0.1360250678 -0.1042645707  0.3761301289 -0.0389293651 -0.3490069802 -0.4160540046  0.1242982003  0.1576659730  0.2890967674 -0.3144936854  0.4575225423 -0.5101268988 -0.3936684102 -0.4187264476  0.0171505628 -0.5372872387 -0.0500432803 -0.4831715457 -0.3007059877 -0.5611142303 -0.5674692898 -0.4620040060 -0.3092360541 -0.4252924281 -0.6082400885 -0.7334764074  1.0000000000 -0.7008885617  0.0235647885 -0.4483744485 -0.1721098236 -0.3044351604
 0.3657727243 -0.0963666452  0.2851105685  0.4566023220  0.1848212760  0.4593091996  0.2762831183 -0.0528265202 -0.1587222128  0.0243255110 -0.0893974646  0.2252341563 -0.0078536873  0.2225710966  0.0413200545  0.3532597298 -0.2043390211 -0.0028487250 -0.2090148441  0.0262425757 -0.0145325122  0.3314286128  0.2560295943  0.3250073871  0.2599446719  0.3740567136  0.3989837366  0.3532995895 -0.0149308641  0.2413689573  0.3418412931  0.2193854179 -0.0253717867  0.2230603815  0.4336889576  0.6627264179 -0.7008885617  1.0000000000  0.2924302210  0.4580355336  0.1979466561  0.3965815846
 0.1797915872 -0.0956268867  0.2329920794  0.2988713553  0.1598119190  0.4143878960  0.2752219455 -0.0586033509  0.1009947857 -0.0065704345 -0.0781669588 -0.1326832579  0.0129015279  0.1101532581 -0.0916824433  0.1926571078 -0.4497017998  0.1094791670 -0.3029664004 -0.0179017082  0.2366761688  0.0963472080  0.0104432344  0.1741053234  0.1482336513  0.1969947587  0.2731810723  0.0945951249 -0.0817065246 -0.0476309804 -0.1458916179  0.1238387290 -0.0849295778 -0.0220954307  0.0897425767  0.1771243183  0.0235647885  0.2924302210  1.0000000000  0.1770276560  0.1762467536  0.3955009566
 0.2975324694 -0.2337725085  0.2812526757  0.1274653519 -0.1471473605  0.2003438797  0.0531495776 -0.3574944848 -0.0581635953  0.2114121779 -0.2123437955  0.0208634899 -0.2660169135 -0.0374501594  0.1609242755  0.2577793632 -0.1144108372  0.1299670463 -0.4139504445  0.0134456419 -0.1193653054  0.3895043022  0.1938655308  0.4087722423  0.0743583713  0.4832211797  0.1906276276  0.4135223802  0.1574801988  0.2766695176  0.3545968026  0.3197374728  0.2336731912  0.4877239129  0.4367532009  0.5652671438 -0.4483744485  0.4580355336  0.1770276560  1.0000000000  0.2937035180  0.3228016786
-0.0713099061 -0.3232016006 -0.0173454672  0.0076010639 -0.2659794901  0.0409767872 -0.2060568127 -0.1924734867  0.1160810500  0.1428218422 -0.3662498664 -0.2475059361 -0.3540881011 -0.0688748663  0.0502771815  0.0641062684 -0.0618420287  0.0019255112 -0.1446267539 -0.0212945273 -0.1414812076  0.0932828323 -0.0987049508  0.0288606519 -0.1908894585  0.0641359457  0.0486789882  0.2480848700  0.0718194183  0.1971936849  0.1198354925  0.0783971926  0.1632242202  0.1833789540  0.1926995893  0.0924043459 -0.1721098236  0.1979466561  0.1762467536  0.2937035180  1.0000000000  0.1063029951
-0.0681570408 -0.0755719121 -0.0716769539  0.3992415282  0.0928518586 -0.0587428910  0.0084728239 -0.1842284093 -0.3081051127 -0.0300805019 -0.2719437296 -0.3520509479 -0.0745764470 -0.1354557782 -0.3589054063 -0.1806300747 -0.3746064349  0.0970341816 -0.1948576486  0.0184346763  0.0587771333  0.4799691557 -0.1770667359  0.3054926758 -0.0446354495  0.1421342921  0.0443578072 -0.1746660822 -0.3565044457 -0.1764025883  0.0469287812  0.2941715728  0.4594780350  0.4752051530  0.7669350141  0.5676983117 -0.3044351604  0.3965815846  0.3955009566  0.3228016786  0.1063029951  1.0000000000
